4103234122
4011442132
4131001210
0443323013
2421434420
4442030204
1402022411
4411131330
2342040322
4343333331
3312404010
2243224022
0012123120
4302032311
0422001230
2444011120
0213002244
3102214021
4302302040
3001323212
4300231432
4040301131
2222320231
4323221230
3230344103
1241222032
2122203424
4112334001
0341330030
0222413003
1022203431
0132231134
3124443030
0200410041
0223240223
1302234241
1442422212
2240240132
0010412413
1214331331
4214404303
2234213203
2001311314
1243320314
2424041004
2010020442
2431134231
2344444432
0314233413
4220241300
4110411121
3444214021
4044012224
0114332004
1322044031
0002330013
0322421133
2144334300
0413011334
3432310002
2333324004
0403240221
1230240113
3101330421
1313010040
0224434441
0323004124
1423411021
4004323204
0022003332
4411312321
2123444402
0244144403
2211200131
4002003120
1044240344
1100343443
3341230110
3422431401
1322411031
1004421331
1240233240
4310020141
3410204311
0230441013
0412201012
1113020202
0412221320
1442321221
2200033123
4022111013
3212234230
2041212410
4010233123
1314122214
3222314242
3300330043
2333121440
1411444200
0323424021
1114341130
2021313302
3322410423
1110300124
0232012430
0414300444
0221441341
1201331433
4342134201
1244231044
2204303032
0114333244
1344131121
2040043123
1131042213
2244300144
3110114221
1014414311
1211124221
0343102203
2202434404
0012200204
0220201021
3244221034
4020112213
2402330202
2313431340
0043420304
2432301010
2401003101
3232201413
4230340440
1213440430
1310420100
2043211043
3221241041
2122021422
0311333342
4220414321
4330144323
1313312403
0433342032
2413433132
4231204042
0230230023
0143431034
0330131240
4014231312
2124432040
0320331141
0144342421
4104310201
1221341311
1203443022
2322134223
3240114343
4322113104
4411434102
4003411120
1432033130
0403300240
0224101311
1342011012
3040434441
1032424220
1444134342
4023140100
1122203341
4310213210
0143343343
4230331433
2414301140
1144303424
3312004441
4330432024
4112241432
3103324333
0130201330
1442424220
1033222344
1202431303
1010201033
1204401010
1203303021
2413344201
2042333410
3124204344
4433441314
2121144103
2101340101
0111443330
3333204430
1133311404
0223033114
4330430202
3334300034
2021124241
3043031031
2134433343
2034242130
