3344224111
1442141412
2144103011
0203211101
4232024402
0304333234
3010033210
0201403020
3130430420
1232304223
2234100144
0222104113
0431442411
4034110023
1442400340
4321402324
1403110413
4104110112
1323210331
0410300320
4100102211
2411101214
3204034232
3040030003
2024431133
0434214312
2421214422
1122442204
2013430430
0444333132
1234034431
4211440443
1002113030
0240004042
4122410224
1340304143
3044230040
3024132101
1301304000
0132012131
4424001401
1100300442
2214001221
2203010111
3334222114
3244220340
4410004313
2140003101
4422112020
0434434004
4423300043
1130144200
1141321441
1241243102
3214012233
0003102444
4332034210
1343043031
4444031243
1144430302
0011243422
2424011022
0020112104
0341302123
3442221223
1043211310
2104011412
4401142130
3211404034
1242331141
3114212400
1304044124
1203424110
1013112110
1103122012
2434104311
3411110100
2110142022
3002113324
3142201001
0212231300
0122322132
4442004303
0422310041
3313110122
3002423044
1411331421
3433102134
4121140202
4241310032
0410031413
0130411121
3022101320
1304033222
2041233002
0110423223
0141101443
1441104430
0043114012
4331411334
2303302424
4441203342
2411001404
4311411101
3223403443
3033200033
1300024112
1241121413
3422413100
3320212443
0004002143
0113004212
2021104002
0412224033
4131313244
2221402231
0444441332
2323344340
1110323333
3024322430
4414314021
1220304103
2331044010
0402410413
4333000314
2132401410
0434041432
3244303440
4404023004
4234304230
4104212110
4414433121
1310112010
0213444332
2412442204
1321003410
4422002442
1430023004
1214334313
2233203120
1412430041
4300204431
4203401200
1430124334
3422400342
4400302233
1034233301
0042441112
1342010431
3232040240
3421004402
4434022001
4303023244
1243213100
3004421404
2303311142
2412203123
0140021111
1122410311
3300030433
2113003230
2233240231
2004441121
1214201304
2310204144
3132210001
2332104421
0034404440
0242013411
2130033303
2424411310
4043320202
1414403412
0340203200
3044412104
3132440114
4143422420
0442201203
2003001224
3123042002
1222404211
0323423214
2424440340
3222134211
2440120302
0230211122
2410440134
0411000220
0343433204
2033010034
4444420131
3301333130
4234130042
1100030131
2242000314
0444310031
3013212433
0214220323
4431114101
2240211040
