4420343231
1030102024
2212123033
1242000432
2440341143
2021334202
0023413210
1022430120
0011131413
0021032042
4122331100
1440422244
0434314044
2211311134
2400240024
1323411442
1241213440
2033210320
4022111411
0141002412
3114002203
1030001123
4034304022
4303213131
2214122022
1003200403
1123131210
0334241322
2230402112
4224214120
3423313223
3041003142
4330034121
0342404131
4411034204
4202004432
4330442004
3202301131
0003423132
0032144321
1203302032
0401424442
1413222043
0020110024
3004014300
1330111433
3312141314
4414414103
3022230044
4333342100
3321444223
0244403414
3124130324
3012432204
1400020213
0132301430
4003131423
4223313124
4012131212
1304313210
3303443143
2032311433
2110341424
1112400132
0441000233
1420211033
0203303212
4242011221
1023030341
1420320004
2304103102
3414043142
4321213422
1321134024
4332322204
0121243412
4321111032
1002203203
0344030404
4233400114
3112101004
1202300010
2340201210
1213023012
4322132143
3000243013
2244421331
1240101432
4231412213
4014043120
3000331204
2433443104
1331000434
3311431022
2212104020
0320033213
4344020442
3324322144
2420034241
4123212102
2410214330
1202412111
4432024142
1244320333
4403122203
2304112330
0220100344
0342400331
1403141321
3430420110
3023221112
4334030410
0230030200
2241231040
2111111034
1104444330
3301333114
4033132114
1101440220
4404442424
1043114000
1002420422
4242314422
4400303023
2222211311
3140330140
4233241022
1024204014
4302003122
2334320040
0431403214
2040111400
1133241033
1402344223
2424040133
0201404023
4143420000
3023203212
2142230432
2222444312
0442223213
2012031143
2314343210
0431322110
0003211320
0222342242
3332334002
2423433211
4441413210
0102112303
0221432413
0100223440
0404121314
1043223441
0344221124
2100214042
3234030430
4120321040
3401103320
2322440141
4240332322
0230420414
1042104314
1043422200
1231322043
3401231430
1044020140
3430223410
4000042430
1314033421
1041231142
0323020323
0330144442
3244223444
4021022211
1044212244
2113003211
1342134342
1230114341
0404304111
0443244314
0412411020
3223012141
2424034032
1422123023
4001333014
2114124303
2431303034
4220422001
2441331020
3230222330
4041131233
0314133020
0441412102
4042111244
2001111002
2204333301
4302021103
1031431302
0240213302
