3033132333
2444430203
1420113014
3040213022
4321310321
3211204401
3131111334
0412222123
3043000111
1341203323
2432311240
0021024113
1213212012
2232342331
2230421230
1211044412
3023442333
0321142434
3303224132
2401410132
3402340030
3324431434
0214104042
0033400342
3242304300
1221133222
0433332140
0422212130
1142024104
1134434040
3411401011
1404023323
1102014044
2132203314
3233432412
4120202222
1312334012
3131013140
3120444131
2314031310
2441434202
3100110224
0104423232
1042114203
2120143131
4104323132
4430401334
0044031410
3431313200
3023204243
2211010402
0231023410
1401332102
1123311331
4033222341
0114414303
4000210001
4242220124
1040231301
0304423030
4114011111
1341401324
1130010120
2314301431
4420131341
4013013004
1021001320
4244243422
3000022434
4120344403
2143231124
2330023134
2001134241
0012430420
3332114101
0040203132
1244124214
3410044000
2244413221
2440023243
4214042434
2202424403
3123224102
2303423423
3114134401
2314040201
3101133013
0320030232
0420104403
0000342002
4200140101
1014211424
3200324133
3130031212
3201011012
0144311443
2342132443
3140020123
4401340200
0300343044
4412133422
2114302241
1011220401
3313130232
3444031400
4132433331
2413103002
2241011424
2211442334
3240211231
3032431010
2411200340
4344012342
1122324430
0041402010
1024312113
4032023410
2314422332
3044040033
2302112012
1401041131
3331320312
1420312004
1134431111
2141332414
2211320013
1031022042
0403033424
0032443314
4040411204
4104313222
4103344211
2412134044
3304424412
1220040233
2433104103
2233434233
3113110323
4341041142
4123221204
2313001412
4420440414
0024331120
1302421014
1234301433
3034104432
1022143303
1323223432
4142141433
2311211302
2330004102
1312324414
3304443124
1203012114
0134302302
1042141443
0214013341
3121242433
0241204012
3310313342
3013310322
2442210101
4041240433
4202002010
1301330310
3332000114
1332300120
4432013014
3103031434
3134440004
1002230032
4211100244
2420320040
2322021142
1142343200
1111220402
4203121301
4302222404
4000404214
0444420110
3143422033
3232312420
1343400121
2222434031
1222324310
3441421141
0102211233
0301334123
3441433341
1341020134
3431224331
3041344421
3041110320
1223342220
4320132231
3432023044
4321102340
0214120431
1331012003
2030102244
