1344001311
0123212243
0342401200
2132004423
4333241010
3104441243
2434240013
1331034332
1103123124
0044330223
1433220312
1020402303
1023144043
1411240004
2334423123
3224432021
4001141324
0424043010
3314401230
0023001224
1311030443
2201120401
2424101004
1133000414
1040244123
0302244122
4344044133
0323240132
1432441334
1113420323
0332403413
1211101124
4433401113
2200413023
3314141334
4423041113
0314133143
0433002114
4413112220
4124404430
0202431401
0124000034
0431021404
4302024340
3111300210
1241231433
2123331430
3344333123
4313103241
3424443220
1410122002
3100421320
1034121304
1031440042
1404032211
1301214212
0441310344
2023114113
0432212112
4432442013
4122113041
2243200140
3440040142
1142204014
3322344323
4001442343
1140131042
1040414343
3031113404
2004234042
3221201004
2240100011
4234243312
0130144110
1101340103
1313043240
2331440410
1024440423
4024434132
2023010103
4334410301
0434034300
4430222332
0123342034
0221122020
3021343301
4230123122
0433443030
2410420024
0314142210
2044313030
2420322011
4341234441
3214413332
1313101000
0113220130
2344403440
0231440022
4411344400
0132114102
1203001141
2031314031
2424402013
0331002232
2202002340
1403212432
1404332232
0140433233
3031022442
4434203133
2234442011
3410224000
2322212144
1222122034
0441032431
4102214422
3430402111
1140421330
2024442341
1030344421
4002331200
4314232332
0013121300
2313302044
2331242301
3302443314
3324102320
1022213122
1024442401
3203120440
2101144104
0020240443
2411133331
2434143433
2120003020
3241441334
1443140402
3313333302
3441030212
3144014033
4314414043
1102114332
4210413121
0000042140
4203332123
2213310231
3221233411
4142000202
0311104211
0002233141
1233012202
0230442432
3242242002
1044314024
0431323311
3202032431
0131411023
1112312323
1011400323
3300032241
1213243411
3141120324
4232110013
3444411420
0244130232
2014042112
3114104404
3241341133
3113442221
1041343124
2304312443
3430032120
3432311404
3134240213
4140333011
2341210030
2000032124
4412041111
4400120030
3313244221
3244313444
1143411100
4234011100
3233244103
0411342141
0133414102
2421241010
1302131030
4020014402
2142012322
1432224142
0203343310
1343130001
1010131232
3223143330
0441103404
0240411021
1440142301
3001320404
1043424312
