4343032234
4213230101
3044133124
2424331410
3022110103
3101401433
2032434002
0110221201
3401414201
4342243204
2303131323
3404321321
2204202242
1414102222
4121432430
4321200024
4222002001
0330023421
1141211233
1210122003
4122430143
1022322223
1424004344
3232224340
1424131434
0400404402
4200104420
3131202303
4431014423
3244244444
0032310320
1013043302
3330322410
2033311411
2111241333
2142441111
2333043012
2133331224
3340242343
1000414341
4413230333
0323001223
4242142312
4000202312
3431414030
1413301310
3233134014
0324413341
2401344122
3010320123
3231432412
3123430133
1322012442
3103031444
3221112202
1114230122
2103301313
2310001023
3212134111
1311040213
2433010432
4023213310
4210134001
2144330342
1330024210
0002021044
2410301214
4411314402
3010022431
3430320002
2414110440
3032013401
2232433031
4101241122
3312114033
1111441004
0324301044
3341040342
4334233310
0234114104
3340431433
0023103104
4332332421
4202034001
1401223014
3221313140
1313003440
4133114133
0212314030
1322241043
3432023324
1400224222
2112204433
3022424112
2244024411
3343423432
0114014004
2031001414
3242341000
1003033340
2124212131
2321311311
3421022323
3143113131
1034440340
1042032001
4243132022
0113300033
3244212014
3113430214
3212132444
4310232333
0304322303
2143140142
3440100232
2013134043
3033103422
3110040040
1421112231
2442243243
2330303140
2341142003
2010241422
3343310411
4212143102
0220340134
2030244344
0124434022
4031040304
2031303231
4010321200
2343111334
3134102344
0124044000
3114431310
0042224022
3233023343
3020211024
2232413030
1044101442
4241104200
4241210442
3230013233
0414022423
3114030032
0324241342
0314040011
2444242203
3331112233
1322133340
1133303133
3031424220
4411000340
0142034133
4313244413
1234242020
0233340142
2121402240
0034414231
0321030341
4021123103
1112313431
3141004244
3124102112
0144422420
0341433334
4130224121
4242404213
1142222032
3442040001
2304442420
0334443303
1232421031
2041204340
4223134310
1424120013
2200202323
4444421110
0401344043
1042021113
4143300431
2143422202
3104400411
1231442422
1110004241
0433411411
4040332032
0211210130
0214230431
1040424442
2212412333
3442321011
1133243241
0403112244
2440003231
3211443111
3324222200
4413044243
2130114342
3424220441
