0211321100
3210413114
3122322242
0241220134
0342344011
0422011230
3100201423
0402434324
0033434242
2340222214
4432213003
2242012113
2022442334
0234210233
1113244124
1313033211
4031023000
2323242043
4331131432
2033022432
1304240432
1110110241
2441442142
4031104213
3203423301
1221114214
4443233430
0122112004
0140321201
4302141321
1012410233
3414043121
2222321201
3000213333
1012444120
2420420233
0210012244
2313021201
1033233211
2113323101
3214324004
0213000204
4411324214
2310434024
3242202203
1331030011
3110011324
1143133134
4330221213
2444414443
0141024014
1234111421
2440113414
3244143103
4120142442
4412233100
4203433142
1044402214
4201441001
3313240313
3232333330
3232134002
4134402122
4311222441
1331424333
4123113042
1413302020
2302124223
2103414111
0032302101
3021233014
1101133034
2034014414
0114110020
3143222100
1241311142
3101344201
0240003011
4023233222
2033224312
2012224410
1403430003
2341201031
1143020413
2011331012
0143444344
1220034233
3221002131
4232442130
3311134203
3203444011
0332332312
4300012422
2440411432
3304230200
3222444230
1442222220
0103213342
4204204241
1020311221
4000442210
4131413140
4132223224
0041144442
0040021144
0231342041
1231100440
3344340403
2231320210
3443424400
4444034402
1213014214
4200243333
3214314230
2221033001
3314412412
4013344220
0422222214
1131322304
4024214002
1231232101
3232211031
1100212134
3013401403
4320110213
2044432104
3241204221
4144121123
2300221444
4143123432
2444442023
3230100321
2020443244
2134221302
1022024430
2230203434
0224244340
0014313213
2322420403
0230312311
4243340300
3323421404
0420420340
0112114023
3343202043
0113402201
3422424410
4013231132
3301134042
4413211043
1403103402
2200434400
1030044432
2422004203
4023340110
0302001432
3242230232
1301241142
0401122332
0301414234
4344434000
4242301412
0221210404
1440244434
4320220330
2023342002
3000344311
0033412133
2340143440
2224142044
1244240142
3414223013
4143220044
3240302444
0302042104
2001121021
4213222042
1011113434
2120441101
1243142114
1031300403
4411044432
0324401302
2434241120
1203232401
2401104030
0112324424
1114214431
4340113302
0012321244
3440111342
3433303421
4001004042
3304334404
4421004202
0143124310
3423003301
1401304022
0002311303
0334232204
