1141034203
0324341144
4114134321
1434444414
0014321423
1343021021
3014324100
3410444144
3144034401
3444133142
1441043201
0313120024
3320300301
1113221441
0303021101
2131441122
0012442401
2101043303
0220143132
1021403142
4113144034
4414441003
3044410334
0343331204
4330241411
2113033123
3043441143
1103221142
3340224410
4002101101
3144000444
3031204032
3303244231
1212043303
0122204142
3342003401
3122120034
1033303214
2431101400
2232203320
0344334021
4334131240
4031232404
4122441311
3440141130
3432140110
4324142244
0204021300
4003421342
4110031131
1112231421
4131101404
2034000410
3234300211
4341002440
4013044414
0304122143
0222341122
0242311240
0440011110
1021243341
3010131130
2113340012
2420011424
3232042021
1134003430
1013324142
3423143203
2000024000
4441244334
1400132031
0221011233
0222114404
1120241013
1410332214
1042001010
1000030200
4431313032
3210112224
4402232402
0304030330
3231341012
1040010242
0012312234
3301400232
4023034121
0213410330
2240320202
0001201131
0423231243
1423110432
0422122013
0031042023
0101123112
0233220230
2032142030
4002102040
2121024000
2303140440
1332300404
4440124231
2412132431
2423424113
4404211332
3431440331
3111242431
4213441330
3344021022
3244032312
2324140443
1011104202
1021014433
1111043303
4213304434
1342412222
2421413313
0230214344
2043021213
1403404134
0011324422
1011012042
1034014431
4403211011
3022040044
4442234030
2301342433
2131441011
2410334003
4124302420
2404304422
2314402321
3220232403
2224220103
1213002042
1110124034
4403423224
4202104233
3003433233
1114402001
4412331322
4440003220
1230311110
4141343221
4011423122
0420411210
1012202443
3432001131
2231440000
0322044400
2442234132
4324343110
2403232341
2202421220
1143004031
1413221302
3230423100
3313132022
0332121143
2323321101
4230024301
0121031113
0140341031
3321130112
1034340112
3403114410
0332144214
1010023112
2442223334
3402100221
4202042341
0101441420
1021021011
2020020444
4102040341
1032304341
4242101302
4343320213
2230001411
0032420044
1303432120
0244330004
2403131100
2240113043
1234042002
3143004330
4204114123
0420141400
4243244034
3421010312
1011243340
1103222214
2042242230
4240142440
3213343243
0411401143
0320112241
4022302231
3400331310
1003014203
2423222124
