0012030003
4110400344
1011323403
2230434023
1413041104
3104234433
1432340234
1233443424
3030200001
0224442014
2033100412
3302440340
4103341440
1011104310
4301103440
0302401314
3212023222
2204222422
2412313234
0003314422
1332140402
3120241340
4421234431
1344023434
0302313103
4044214313
3121123322
1340403410
4123002343
1221104330
2340102222
2211213013
4020113031
2334022040
1200031001
4304013124
3003114010
2100121420
4302002112
1321020204
0321412200
1314442342
4224211301
0143210301
3011441232
0441342331
0440010301
0313202214
0202401310
4121103024
3233030442
3302100343
3111210440
4011412212
3030001424
1403311131
0414203132
1441424120
4420322301
4342021101
3013222302
0243224041
4042040044
0332211431
2232134321
4230110423
2404344341
3041244122
3414001411
3041201410
3033123031
1144122200
4214421230
1021102011
3403310220
3340403342
3024404021
2311041311
2310044241
2003310031
3233022230
1101041302
0123402030
0340424131
0434410313
0343234241
4241001332
1334134030
4243311423
0340223231
4020001143
2340142422
2223433234
2304003301
2341023334
3112421224
4404031314
4332111424
0243121442
3133040240
0330334320
4441141233
1000240334
3110020410
4420113001
0201010112
2302103201
1000334012
1013411122
1230301003
4012003302
4322102410
4320110000
0300210333
3433224424
0231314002
0401422311
0104400344
2342111332
3344223333
3101021142
4433431334
1103002444
1203311021
0220142104
3441031420
3312142302
4240114112
4220111223
1100444324
0242423420
4102223121
1010044432
4243204333
4411220413
1131410201
2121414104
2114140031
3440313413
0301101340
2221411302
3203200201
2242244312
2232104243
0220104132
1413330214
1100100010
3113313013
4031320234
0200120221
1331033001
2401444340
4311123404
4044203020
4330223303
1202011312
0320021104
4411210014
1230023112
3343113243
4000012320
2130213001
3344423321
4322230231
3412341232
4411311444
1422020202
0204010410
1141320212
4213030242
0112220010
3224442242
1433310222
1431213134
2020033131
0031443001
3004020012
4143430033
2210232034
0402042413
1401340433
0423214422
4220040130
1313442104
0110231120
1422230234
3030213404
1111301401
0130003414
3403042210
2421140043
3300011331
0104321014
1222110103
2014124341
0411443042
2431402224
0221241224
2040122011
1322120414
