0334340300
0320304243
3411310322
3201424013
0000003020
2211200110
3402312402
1403014040
3312344333
2443223221
2343031024
2012321334
1104433400
3334201414
2444302302
2413132143
4340441231
3234212213
2222413344
1230023210
2031412332
2003021323
3443440333
1434314444
3044413431
1210211040
1212242133
0130204111
3112320413
4442140023
4302332144
0122221304
1103332113
4224441411
1201210021
0212200123
2423142321
4031144031
4302420343
4344021130
4111120140
1414340441
4210113422
1101101013
1324413242
4000212024
2130123012
0222144420
2203203320
4044324032
0140343011
3313232233
4113324001
0032441200
2313331201
1441331020
0233022000
3323000300
0123300343
2424224242
0402303021
4123010431
3001211423
3402322420
0400141110
1211340422
4013002121
4232340121
3044432112
2004034230
2121403002
4310210143
3431214223
2141212210
3331241404
2210232241
2040044031
0423334121
1403041143
3240234044
1333413340
0221010440
4024321020
4430243032
3400031002
1041403201
4231410403
3111013023
2102142111
3140441024
2102030210
0232313120
4202114124
2401134423
0444104414
0333410143
1310103341
2123023140
3233334120
3020344342
4003042331
0422122222
3421203342
1031303022
0131013022
2342420344
4210020404
0114420300
2402422023
3020332103
2204140431
3444223221
4212120141
3112424221
4012200143
2331122004
1223413241
0024121320
2013420443
0443003401
2021231320
2022140302
1300021242
1311320443
0110414132
2014103010
3001021434
1434032212
3034344111
1122024143
3333032222
1020310244
2124323112
1210142034
1311203423
4133114123
1003000434
0304210310
3214302433
0113321241
1302313431
4232041443
3223042400
4124020000
1023114304
0011201044
1220402231
3234403332
1200001012
0301121311
4102230204
3433223020
3330202342
2130043142
3120341340
2123144443
2001133302
2424333202
4123101304
3044112222
0200304202
1100243341
4234002412
3043003114
1420341230
1231313311
1344140322
2022143423
0100343243
1201213110
4200231441
4344204234
4044422123
3204102440
3104403034
1134302431
3310203101
1122043230
1431132333
4413443233
0123402430
4040142401
0134230303
3041343124
3324201122
0113124203
0444004233
4024311114
0131303301
1322031333
4232244014
4300330244
0424121221
4332032244
3103413043
3322124240
0122114202
1222310103
2111104034
3420230024
