2400434104
3301420122
2340223043
3244444241
4141440411
0311230304
2140242241
3011031023
3201423002
0400221222
4304011031
0330430140
3013142110
3123240410
4301141240
2304414143
1233142103
2013000443
2102404202
0201131302
1443331034
2340101222
4024023023
1011113040
4040122010
2041433112
2304042200
4234340143
2232404212
3334444414
2440331422
2342414143
1000000014
0030402114
4232210144
4141112341
3041341424
2000240331
3131000311
1023410302
0034011310
1420411043
1144430032
3100441410
1431234302
3434301033
4122214433
1444214412
3021033311
1241001010
1111224213
1240412000
0424443334
1104013122
2424011241
1030211012
4121231034
3410214344
4003043113
2240304013
2303030200
1430222003
0432321402
1401120120
2321324343
2340243043
3143341234
1241412130
1103140143
0434410243
1320004133
3232000320
2143034041
1012231341
1222002014
2224342321
2044312312
0122140122
3314231201
0320110400
4130041213
2212032120
1140303131
0220434412
4120040200
0230423213
3241232214
0143020020
2311333312
3313014001
0211402101
2321010223
0221204210
4144034434
3120131434
1432044100
1004143114
2030223303
4111120203
0222240302
0413020321
3140001043
4204343323
1140230302
2314142400
4113320300
4123330120
1131331434
2012121242
2143133142
3243322322
1341043412
2012231121
2130123120
2011031233
3234244314
1413243030
3440320440
1024233114
0134233214
2040144443
1141043244
0134124042
4443130140
3103042333
3423220121
0104320330
1041143223
4223121320
2223334144
2201113004
4404422002
1421231121
3230044343
2433211034
2044201200
2224232404
4220144421
3311311334
1143034223
4234343421
0003322002
3413202440
1010003343
2413010004
2120003444
1412043032
0021321102
0122210014
3120340432
0013034032
0221220121
4314120232
2004213401
1421333111
3134013131
2321432111
1301210214
0434414414
2321243420
2224421204
0011401030
2444414301
3120203212
2233320431
4031431304
2240012203
4332310311
0032002230
0101320434
2300120024
0223444302
3012042421
1144202222
1203000034
3334434423
2034223020
2123201103
0143131444
4014443301
1441332341
2021334422
1031333320
1334142030
2303143424
0232024211
0404121213
4214131303
2103300030
4233213402
1332124420
3420211114
3130104144
0314244021
2430021032
3410231430
0444332330
4243002103
1112242241
4401222240
