1211123320
2011203303
1134322044
1201432210
3231014213
4240441201
4241012111
4103003100
3444441020
1433130411
2133421122
2313213032
3434044330
2200003342
3103400122
1423441133
4412440041
1443311333
0304001203
0143444301
4234031200
3333231231
1224201233
1113022100
3314044311
1341233204
3412311430
4210313431
1423034331
3103332440
1232103102
0404332443
4104014040
4023314323
3243024211
1231222141
1024320003
2030140314
1412340313
4431341003
2320104132
2422133040
3003124034
3213423213
2432412122
4314333213
3232444401
4301431212
0413010110
4332442411
2212424113
2014310340
4223323133
4342231411
3212344331
0143010104
1110410314
4301333431
0000413243
0420123314
4304113403
2141114404
4042300021
0024114434
3124112301
0134402134
1100401304
3104234113
2314230121
4330322304
3020343141
4043004121
1031313323
0041432022
1412031214
2442423202
2022431201
1143244203
0332031130
1340140332
0120011124
4130400213
0402203000
2340213013
4140041331
2043300302
1013042103
0220403422
2000424013
2122233403
0424334342
3120243104
0134112211
4111433300
2240014131
0134130201
2222444233
4044120121
1333122404
3002013421
1004442221
1204040123
0401142334
2103114221
4024223013
1314043421
2020401434
2201131000
3003402140
1204413410
0322231401
0421032401
0220302022
4411211104
0411124041
4301210133
2442302102
1223034412
4432024304
0421201131
4203011141
2342311311
3301013014
0020110224
0414020303
2224044200
4324431213
1132330203
3124140414
1023334022
3121120311
0000220120
1320123303
0432104214
4032121322
4444230010
0002330301
0314312021
2114023441
3322143431
1314333303
3213030303
0402220431
3212140213
2422101242
2043340332
1314023042
1303103120
0031040043
0122122123
0040423141
3214401442
4202110222
2313111323
0003220044
2230344134
0200040010
4422331322
2434400301
2224033230
2104323310
1041233110
2212111132
2403432243
4333324122
1110224123
4310211103
4322320024
3030131341
1323104030
2130231321
2322001042
1303111142
4410230312
4420113244
2234144140
4000301020
3342210222
2211232413
2003342123
2343301121
4343330002
4202024302
1413032314
2344303412
4104141212
4314012424
1310142133
2201343340
2131100424
0030300443
2222333122
1231440341
0141324331
2324443010
4220231043
4320231233
4234344012
2114010302
2243443223
