3201343334
0311131202
3441143443
1242222133
4223141400
1402424242
2113203112
0212202401
1102423030
4142140013
2131444443
0234221132
2313022241
3120344042
2020104312
3140040411
2323322301
1223103103
0242321300
1031130304
3104331023
4241334013
0242012340
2332102443
1142423204
2021430431
3131122110
2003322214
4202342302
0403044203
1103422044
1312032423
4034043243
2301442043
3034302240
4132001003
3302123114
4233133442
2041213031
2134003143
0110312120
4303033144
0223111403
0443113022
4003342102
3111330413
0022334341
2123414424
0233202003
0020331404
1011422431
2212014113
2012210332
2410432304
0211040144
3330111024
1143133431
2400312223
1400124010
4124124422
3434122134
0133200404
2244422412
2402432004
2221043304
2112142124
0331022200
1002011403
3322423121
1111242103
1411103123
4410320230
4111211013
0341032422
3212434004
2322112100
2044040320
0044431432
1043231013
4121400433
4120412413
1430003213
4233123442
2244043241
2440410044
3320224240
3031422410
2330224334
2011422240
4002222104
0300022044
4100241121
1141324121
0033244224
1241221112
3100104312
0304144440
4433210224
3341214333
1241203143
4123431430
1222030013
2243402312
3214034313
3124001400
0414213143
4010212203
0342234341
2311111113
3001210143
2302302330
3234102324
4403300401
3101004132
2224443034
3412034242
2123244330
3330421041
4020432102
3004131300
4132010003
1204344041
2331013411
2002024014
4413110401
0421230324
1323033400
4140413114
0234402413
3303131223
4334140431
4232412030
3132210044
1341233002
3030121103
2040320244
2123244202
4032140310
3204100431
0233021212
3441220113
0233011230
2324320201
1434033221
0341001104
3220142102
4022304244
4301331342
3420321004
4112131214
2140100334
3131400240
0212311130
4413234223
1102320140
0240330041
0024020021
0003323413
2140430411
1203210400
2000344013
2222444244
2214043313
1334344414
3322234314
4003211404
4433313040
4321013122
3112444143
1143133134
0201442323
0040023004
3210002030
0404422311
1422442011
2302033013
2144210210
2120014024
4103021041
1212040103
1324134412
3443440040
1311223212
2111214124
1402410423
2403230441
4030004403
3311400341
4103131100
3322201113
4120000421
2401011410
2341311231
3242130321
4121220300
1034420224
4011310112
3343012343
3134000031
3421431442
