0320002140
2041412210
0343413000
3340313302
1131202303
4044021322
2423420141
0110404323
4404420422
2332430122
3311124014
1224142320
3311243003
0224104303
3444342421
2410413201
4321214011
0312422243
0014300121
3420144322
0221001444
1131231324
0141034224
2011021123
1024333142
3141212444
4042342334
0314303131
0311022314
0123111041
4122012421
1242224241
3043334114
0014221243
3430213042
3310224214
1413433120
4240344001
2311130113
1200332313
0433420004
4113243242
2021410112
0312143301
1313001210
4332344240
1342020114
4433034044
3201142130
4104343212
4324043033
4241003343
2223013223
3024401040
1444300232
3301432311
3320440201
4401340212
2114234041
3300114424
0300102320
0140102411
3022012424
0122242032
1242022143
3244342111
3224334140
3324243142
4003341014
1032401143
2123032120
3023021421
1324121013
0321441001
2220404223
0412442010
3214343312
2110424433
3344110133
3142102321
2102320104
0322141214
3003003102
2401202000
4404014132
2043331344
3113233112
2403412111
1443013442
1404404340
1441142303
4434310113
4124101304
4030332000
2320121344
2111022041
3121334232
4224330234
4121020001
2310300014
2423433222
3200101402
2323440203
1404344212
3000301430
4220441331
2043213433
1042344133
0201232202
3223331340
0122440332
2041412314
2413444012
4012313013
4111020302
1310141312
0223341014
4101342302
0443131123
0143311241
2042240322
3401114423
1430324044
3031104423
0103100044
3330314403
2321102323
2414231143
3103424434
2024324221
3034104032
1002202102
3134343333
0424422320
2243013331
2023240014
4130301044
0333231420
1001011224
4324043111
2203440321
3122101333
3030020321
0300143211
2334443132
3414312431
0213220140
0330020234
0402003003
1104331143
0101123220
4332233331
2230301102
2213334410
3423243443
1032301102
0202141324
3121412114
1012404241
1021311314
2412031403
2412201230
2022313433
2134400433
4030133420
0322200431
1032010043
1333003134
1304413433
1240343220
0420032434
3324110120
0132232110
2210333304
1140001422
3423444034
1302421340
4311013002
0111341340
4441420103
3122130030
0120420414
4123241421
2001432211
4224400111
3414011234
1221114122
1114003342
1032241414
1222434113
2234030223
2410320230
2124131131
0103414020
3241000012
4100003431
2011433440
2424324120
0402404403
0434444324
