0013224313
3031322013
2012210434
4242023100
2140012222
4010121330
0401303414
0401301044
2242022044
0402113340
4430041224
3322012002
3404003020
1420322313
4402100121
0114113300
3233333231
3402102234
3420240320
1131130333
1014333311
4000013140
3244330224
0421243340
4313414004
1303434040
2113320124
2000203432
2314434103
1324441030
3011134204
0123043313
1010411030
0303212112
4124133112
1231100313
4320232010
0331424123
4424411424
1121032433
2131422240
3244401112
2223144411
0124134424
4204402100
4301314442
4103041132
4434003133
1321224324
0021032042
0143120130
4242202103
2230410202
4320334243
1433000143
4310341420
2300223333
1412343333
1322120241
2134113310
3340221121
1422410040
1400204024
0322442203
1412244012
4020114212
1343033010
3230043400
0422111340
2402314110
4013411221
3011141304
0110443222
1130134212
3410442342
2331433034
4302200420
4430312342
1044433410
3434203002
1030140242
4244133131
4120114000
2300211124
3313441424
1203403442
4014310322
1103302320
3042410322
4240444444
1243312110
0201221034
0340411303
0320030111
3134423440
3112200141
2134220320
3102102240
3224441120
0224123413
4240444114
4341041034
4230234142
2031423001
3334220124
1343320420
2032244111
1331103142
0031201002
2043323140
3034140233
1333314032
4400023203
0043042032
2214134204
1142221043
1214034013
3220202143
3433130001
0023213102
3300020023
0233344033
1021402134
2020341213
3443240201
0300440032
4104043000
0300342122
4000134431
3302312100
0101311003
3043112024
4034323131
1334220300
2202010101
0441423240
4231341101
1244402020
1201022121
4130200421
2200333333
3024000012
3103441130
3232413230
0133340110
1322044214
0403202134
3303433030
1304100000
1423244423
2341243401
2030000004
0210420341
4031112410
2203100423
4334203103
1300344232
1123300123
4112220041
4231430422
2220000234
3433012323
1444140314
4121323431
3223030020
4414412243
1244202020
1014402331
2413342212
2401023241
4101442413
4144000133
4433424300
2400110114
2242302021
4204424424
0044332020
4200014003
0101304221
1422402440
0322444121
0210234420
1003210312
2340114043
0000203111
4201131120
2401244141
4003323102
0211441232
3203343034
0033232031
0400202404
2123110223
2422140040
0411242324
4242440224
1133030204
3420224213
1142022104
0310140240
