0021314044
3143130131
2100313031
1432132013
1102430014
1310022442
0040341130
4330322432
3141144243
0301304303
1104200410
0430313020
3402343131
3321434001
2033001110
4023043202
3033321243
1232304232
2124431120
3214400012
1323204144
3201402142
0430242021
2411302220
2012221021
4230000333
4312222334
0240113011
3324311011
0422204134
4310210213
2304123112
0121220002
3044120313
0133322413
3133333111
0300231233
2234323203
4144243033
1112303232
3303241203
0044010004
0114230344
3113420241
0043143304
3313022220
3132122214
1121203002
3400243301
0311240314
4203114412
0124203403
1404020140
2440240333
0211200340
1242032330
3322000011
4023020023
3142331440
2342410433
0112410211
4332441322
4402433303
0303241101
2131420434
3421114414
2131000421
4403232421
1204014323
2140411433
0223234114
0302331142
1032124130
1002321233
1431444141
4301332004
1404022441
3130242431
1402043343
2334224104
3344310010
2112203340
1230103122
3113411120
4033002321
3242242030
3121332323
0120242122
3422110003
3101322024
2243021021
4422231120
1013013433
4430031122
2423020234
4122331233
4143113333
2333202242
3034122024
0240130142
1221423002
3222410414
2142401334
3120413410
3442342102
4401421331
0432401311
0432010313
1334411004
4401113224
1334014112
2000141214
1421201340
0123020444
0231103101
4234001142
2021204320
1440130010
1200210420
0104011003
4200014331
4320102332
2010240042
3422041244
2021330401
3001430403
1412213232
0344214024
1142101011
1114230412
1444043244
2432120013
2123230031
0113102323
2433340443
3410022330
0003000314
2443241134
0323341223
2011112212
3110420043
1221134420
2321030441
2242421440
2230204204
4233414013
1340222122
3320031414
0214313102
3424014113
4241142101
2421440431
4402233122
4203422043
2222440422
1011323023
4402423101
1240404322
3303113232
0312203201
2201110321
3424040103
1010111311
4020240044
1323334140
1004221313
1112310440
1001441324
3032032330
1420203412
3331003034
3201312343
2212221203
3320043133
1440104402
0114432011
0032003312
1143040021
3130321130
4003330212
3312342334
1441244041
0340222402
2031124223
0042424213
1211201434
0222024000
2043330032
3223202000
2124010414
2022324201
0221244244
2313213014
0312411134
3002424312
4112443140
2410041100
1103124410
0213131133
4344422210
