1234334342
2010011232
0203111034
2041401004
0001102334
1300132303
0321100211
4313321132
3012431121
2422024424
4402023042
2201211302
4413110324
1441102031
2204011433
4424324412
3224334422
0322331032
0130420332
1330234123
0332104101
2000314011
4013430132
3234400023
4430420130
3441121131
4123444413
4033132231
0231131011
4420031001
4210211224
2243132133
0032400112
4400142432
0033211101
4303004404
4414420231
2023211342
2443234040
0343242142
0142400114
0244341332
4323001324
2204000301
1134033111
3321410231
1124021031
1013022142
0343442313
0340304200
4121014123
3343403241
0023121040
4344414423
2103224330
3101441020
0324230444
2332241122
0033033211
4134143330
0031212430
2333242144
0020134342
4112420143
1310101011
2003211400
0403213402
2401403023
2030321414
0442014122
4422132014
2411131333
0331300031
3330212104
0244243134
3330334444
2321221001
4322124222
2141424441
2411204230
2311330101
1422132332
1011040034
2141113413
4440341020
4420320001
2010024012
1121024043
1304342242
4304220340
2234223021
3334013302
3402020241
3104023140
4240041343
4044114214
3444310402
2311222344
2442014244
0042104233
0430313112
2220213112
3230132230
1204433113
1401241221
3304341043
2142232440
2314204043
3400443334
3323303001
2104341212
3334200330
1103430132
0401311304
3320212124
0021000030
4403440004
3040143400
4101304041
0241423232
2304342014
2204130023
1403033132
4411333044
0203211341
2044330012
0421013004
1414433241
2221000002
0444424323
3413342022
1202000101
4442044030
1042100241
4111032230
4121344441
3413043442
0024431033
0221401322
1240220114
1404423333
1441221143
0133003121
1333044013
2102424323
2141431331
4021442303
0031434424
0034040342
3202400023
1144243243
4401323031
3334022344
4012432012
4330342100
2030420243
1210313424
0412131244
3433014311
4322013330
3320140440
1422243333
1324211130
2203300000
4004414401
4320343012
4021011324
2422431040
4301211331
1012413212
3231413344
4141413001
4300011321
4433122143
2111010142
0423031310
3112332112
4322131041
1234413442
3340410142
3041114043
2434420024
0123311214
1330403022
1114443311
2141341300
0214431233
2234421201
4144301223
4234032224
4442041233
2141040233
4103111212
1233220404
2141010102
0201440133
0210431224
0223220301
3440123314
1431113012
