2320412324
0300240333
2432223344
3033331231
0431043003
2130202220
3102203203
0434013103
1241233114
2432143300
0003340222
4334240434
1421140344
0130323203
0132122222
1244322402
0403213411
3044002341
3033003434
4130311431
1142113241
1401101331
0124314042
4110214231
1413412022
3011403114
3103424442
0020404432
3430040112
1202120340
2244003444
2203404041
1422413232
4412022122
4023433304
4301030322
1310122303
0032243014
4113132041
4113322200
4134012123
3214300434
3342222234
2042202233
1112130134
3330102302
3101132121
1122321200
2211003301
1311441042
4013003121
4400243421
1042312012
2333111021
1332404230
2223130210
2224302121
0041241042
4433312333
3333012203
0032440432
1012433432
2303402200
3040201441
4042424220
1412231142
2022310000
3100321010
0420400102
2111230440
1131041132
0404421021
3013422211
4412100120
4232231401
0224222012
0030302231
2141003342
3431412411
0340321341
0040232233
1322403233
2304233221
4231013124
0440400110
3202111241
4431301042
0304102010
3111341410
2344414223
4131112133
1244234402
2042223010
0414212140
3412242320
2244411422
0111441331
2113444400
4034341401
1423210232
1123200200
1123444004
3021303101
4043004434
2201130032
2430423021
3021103313
4103314232
1033312002
4432024011
0130214042
2144311430
1430402342
4220023311
0140401123
2224210322
3330212400
1233101431
2111401021
1214301403
1410204012
3000214010
0101123033
3242111123
0432104142
4314304024
1321223040
4232030322
0141111143
0121212044
2043213201
2033020141
3134403034
1441023233
4331303422
4040141224
4332441231
1321423342
0230442230
4223032110
1222431113
2333011401
4023103434
2411441223
0244024201
0324420012
0123111132
2002131304
1313022423
4413334343
3231203132
1321033034
1204043344
0222421114
2130412332
2431400441
3123041132
2214122331
3130302434
2044332331
3042003304
0222340420
4441233323
1332234441
3003103020
3412131030
0023302300
4433434110
4123013432
0100304243
1310132104
0204001003
1143231120
1111214441
3301044420
0033412413
3123244242
0244101342
3423130124
3444041030
3321033421
1403210334
1100200310
3130313000
3044100334
1122124041
0442043211
3021313110
4212341144
0430131111
2024003112
0014344341
4134013423
1422141413
0424211243
1431104430
4032131002
2314412330
2231013322
3133430234
