0034130014
3321200010
1103121422
3343443333
0123234410
3403123414
3004441421
3230211344
1220402311
4240444301
2011230244
0441202432
1010003242
4244134044
4442424022
4433410130
1043003122
4444412331
2421210130
4100101441
0230421022
2102301044
1314302444
0321212403
3343403131
2023310120
2430000233
3134310444
2300311044
4031142330
1044210421
4001043102
3134113402
3132421410
2143401403
2401213322
1243021010
1104033232
1000241402
4042204421
4410402233
1144034432
0344300342
4221121343
3031231303
2143102121
2011012242
3042231333
4323242404
1304002222
0031034021
3414401112
2131232212
4133344342
2304110142
2221024433
4322122002
0332422034
2142040441
4212300304
0242302031
3333303142
1440431043
0301000141
4033432431
4211111313
0430324033
4343202340
2411240134
1302021322
4013204223
4444030430
4110133240
0310403133
3224030312
1342121400
3323234143
1001110043
4321123340
2313312323
1213122330
3213433200
2111342422
4320233221
1300242032
2410310102
3210012232
4203233344
4422042242
2113201132
4112412241
2221121403
2001412014
2240224204
1212403434
1130033212
3141231103
1014022411
1021224322
3434312132
0040442333
4203240343
1120141433
1140223123
0103114340
4412142032
0120223021
0213332433
0033034413
1023113112
3314230333
3034230324
1411133341
3130002320
0130212134
2123442033
2412322012
0010141311
0401030030
1211233042
0201242334
4243113102
2034014323
4102110324
1001031004
1123324040
0101310201
0303040111
4210040433
0214301213
1324032441
4113224112
1101110421
0343111231
0233433002
1444404031
3333223200
0020004312
2404101311
1302211221
3110341324
2103412413
0200421230
1040344044
1220040234
4402214001
4304031220
2101311121
1342240131
1111023130
4112231012
4213300100
0212002310
1440432321
2303344324
2121311302
2413344333
2202223443
3221343334
1011200232
0220101421
3140144331
3244031341
3020403002
1403021233
2130331013
4234042442
1403040101
3211213432
1424242243
1044204420
2122423313
1011100244
3122311213
1143244434
4212314013
4001300012
3223004420
0222412222
0022302320
2222243421
0211101101
2223421010
0130242224
1302041331
0114031032
1044233401
2232444221
2124304134
2224440313
2421034331
4231341404
0302021032
3023420122
0111011112
3121124211
0312302013
4031343301
4443204014
1044111133
