4033411230
2112002041
4402434114
1402224333
3431333420
0032420241
3204200442
2402202102
2214144331
1331440002
3140202422
2412442120
4413413412
1400000020
2203044214
2440430031
1234310120
3330414224
2200203203
4341202441
4231113303
1132441343
3240314110
0101120421
2244434214
3114320032
3244112143
0423012114
4331232311
4341132023
0400310022
4123124021
3442221423
0042222044
4143421021
2044322133
4210441142
2232020310
1204010040
4133030441
2113224004
3023231230
0234140110
0101431243
2412203101
3223142312
0004424040
1002200213
3314112300
4433131002
4442400222
4244341444
3243313323
3202200300
3333300213
3103424323
2211120423
0033304413
4413002101
2002233341
1300232110
4022402321
0442011424
4220210230
3020113213
0322020002
4140144401
3412243100
1100123443
1322212412
4131200134
4023004310
2010024023
2433130044
2040223434
0100200314
1342030321
3111244220
2210140114
1310103300
4101101203
2300041002
3311424143
2433320423
2204243441
3000023334
3243313011
3013100340
4344304410
4133144424
3202201333
2411221323
0314400333
3230431234
0340104214
0220412043
3043204321
4234010130
1124234011
0102011023
0132203124
4230143220
1424132441
0202210213
4201022032
1243414144
3201423330
2403303404
0202230143
2400343001
1143213444
3210022330
3143303002
2232404143
4213031132
1203030333
0042443343
4003434222
4104003142
1034432344
3401233400
3403143411
1102412443
4412320324
2333040330
2412001243
2311343233
4203210404
4314043200
3400242311
1311414321
2314214200
1432412043
1111131120
1040143214
4321242244
3401423304
4003342041
0331301014
0110131213
3431011000
2431212031
0231231231
1234411340
1330422424
1330440432
4424344201
2334110404
3302104131
2100221021
3124201210
1123320202
4100201431
2040132121
2112440210
1431124013
1103343130
3330420143
1340023144
2011121443
0430134230
4044230443
2304114112
0434313432
4012214004
3233402422
1243300212
2310442110
0301113202
4104213312
4221004013
3433003220
2303202140
2134101433
4313114142
3400300420
2044132410
4403114012
4333130000
1120411344
1410311420
2204122131
3312400402
3231200100
1321313430
4111102104
0303204030
4441023033
2003203001
2131133320
4331432431
3131022032
0020400312
2201323421
3234004123
1244010003
1322240103
1040143332
2422402424
1200003042
