3023204401
0210410222
2201323431
3433243142
4042043003
3043044320
0002111311
3313024421
3104400222
2121411044
3212340300
3314300404
2044243313
1232310242
2344341313
1113403200
4224221010
2312300303
0034341021
0012000130
0113002114
0423224134
2433221333
3210100313
4343233442
1024010110
3331103101
0442023323
1332211032
3432121021
2202033232
2344301333
4104111013
0304130334
1300020131
4202004341
4411031130
1441422010
4003110120
1100014303
1203113323
1442141121
3324410112
1113311341
2234420421
3140210032
3224214412
4042321212
0103414004
3103233113
4001131330
1222004321
4002402303
3211013342
3214312011
0104101304
2343200003
4324010001
0120342334
4120013024
4303342404
1404333404
1101443041
3320333432
2434013333
0321003021
2204244042
0111032333
1112020000
0403414421
0401212201
3011212113
1112030404
4140332131
1102222231
2204120304
2001033042
0334441414
4422043432
0022123223
0330211411
0403013310
1330233302
1133304243
1310310114
3344413421
1021200121
4344110120
0201310042
4131211143
1123324214
2003243444
1202014312
3441331343
1122243001
3444014333
0104432321
1044310301
2301221211
4024440341
3413142210
2423412123
3114343141
1134442232
3014024102
0432012043
0133012220
4444121312
4201420444
3330132241
0114112413
1231002044
3312402110
4434222214
3023310234
2114422004
0244111230
1400213101
2122042010
3100310332
2303104102
2111324304
4304342202
2422433211
4322234121
2422100334
4122201224
2240001431
1333220120
3103103001
0040001224
1103201221
3333013402
0211222113
3134022131
2312044014
1114312202
3324000032
4403000114
3331043300
3123334034
3222411313
0013240134
2034331132
4241241111
0403010113
2222223000
0012002343
2320220331
0322013443
2231244140
4311204014
1244400111
0404102044
3023131041
3332442214
3201224040
2342233222
3231433220
3411430140
1024441130
2141314114
0203223223
2441002423
1241013202
0312240302
2024220321
2411301312
4044443034
0420441340
2342043334
3004224431
4103243211
0400033210
4401103223
4122044401
2104441344
1324034303
2322301214
2222014104
0242004124
0344244331
4102340240
4032232424
4042344031
3120342313
2244130430
2342123340
4030322311
4433123044
1422004412
2103120304
3143001024
3420331434
2224043311
2020414431
0013223413
1241444400
3034320231
2121300101
