3121021202
4210442340
1210413322
3121241000
3104204123
1432040230
0014312432
3232204430
0021420440
2241131114
4022243204
3201140023
0334143123
0312202312
1004432113
2444221104
3000430343
1232004004
3210430040
4402204013
0000141124
0313123112
2020344001
3443230201
4130004011
4140332010
2010432131
4433032401
2214200140
3122204131
2420043204
1332314231
2040441142
3330234410
2233231002
4034311240
3220420313
4304341402
1012402142
0320401101
3430130231
4223401004
0001221200
3141200131
2100004122
2022423343
4210203431
2142014421
0231310032
4022041013
3020230032
4400100332
2314312101
1411100021
3422102201
3102242220
1100442343
1442002300
0322241443
3230403142
0021021043
3401340310
4410333404
3013240013
2040321012
1042110031
1014431440
2234320223
3231240301
4241123041
0141321340
1333404242
4030244413
0434140234
4241002332
3030330241
1100102340
4032340331
2022130130
0440403034
3211414124
2340021204
4032133431
2141141132
0422340344
0304410314
4203443041
0203114344
1424202421
0101334014
2043401413
0140232213
2124424121
0223430443
1342030443
1220310332
4430434241
2000231431
3301430324
1234422334
1321332002
4201002021
4202412444
0420223020
4404344401
2032331424
0113304114
1332234023
4433240211
3131020244
2440041132
2131303242
4130403321
1103424312
1143432221
1410303333
0134414310
0002112114
4310340004
0110120214
0213333202
1044444113
4342423320
4111130401
2341441442
4002142303
3020133113
3400140141
4032122404
1103144430
0210122202
4000303302
4411210413
2440244324
2241143421
2003323114
1122231424
4030224422
4030122320
4242013213
4223204243
1133223040
4202211343
3011432412
3104444301
4231034130
0212224402
4411121211
3234203401
0131001301
2213020344
0240100030
1114414304
4120104231
4233132223
0001413231
3100040103
3024131233
4420012213
2233033433
1030012421
2312110200
0404312212
1311020320
0042000240
4024210134
3110021231
4022023024
0324242024
4214302002
3201443104
0232202101
2014401030
3400030004
4040224413
1303130141
1204301412
1222321043
1012104014
0002320034
1442431312
1004140110
4003132234
1003322410
1323233123
2443433401
4133442331
4244112000
3202103234
3430444140
3230332122
0004113342
1133101314
4201213403
1222123424
4003000400
4321123214
2310322313
0320021220
1430023012
