4042111332
0132143122
2010342223
1043322233
4143101141
4204200403
4124324234
1021241020
3312010341
3304203443
2130123320
1401134020
0432303023
3413012401
3240013440
2414441442
2131022220
4034021000
3332023111
1301332030
2421403322
3300130133
0030024134
0121141130
3410022344
3324130301
1001200101
2112300421
2021222140
1202010010
0040243213
3330100004
3302232432
0200112242
0044321403
4041134114
1204003141
0424311423
1122231322
0014110114
2304023123
4043024100
0414013211
2020313344
0300101033
3323331312
2314201341
2241410334
0314313320
2324214430
3223212440
1333402023
3001413433
1244342101
0400140124
1033100223
3004010433
0341410224
2223204243
4041410141
1340223023
0414124441
4344034344
4120420433
2142414110
4444344124
1414031430
0041114013
4410303310
0213144242
1332211311
3031400323
4114434120
0301222421
3102120020
4302214424
3334132022
2113014434
4011432333
0404231312
3023100423
4123010322
1334311244
1100121342
1334310343
1042000104
3222440020
2401330310
3410221413
3014111242
3033033331
0041433212
1000102334
0424312213
3110323444
1103042211
2103332331
4011232133
1241020134
4230413201
1233204321
0410233230
1143001020
2003142041
4322012013
0201114033
4301324020
4020321144
3430410330
3214444204
0424110123
2003104120
0103333122
0413001424
4324314220
0423210331
0144331422
4441110234
4333331332
3041423034
2204042141
0323114211
2044232114
1132404021
2440043324
3034200004
3220400430
1430214104
2110004010
0242111123
4033434433
1113200433
1124411144
4100411131
1040110002
0020320442
2132144222
3331214442
4030221040
2404043133
4202313101
0214023212
0122300230
2304224443
1420410043
0010424134
0414314243
0012241213
3324314223
4242332111
3204314134
3420031103
2134014004
1140013224
2211323132
2314132004
3401040003
4342302440
0240423134
0204404313
1421401122
3230000144
2103131030
3330331034
1030134444
2320114011
3410010132
1111321003
2212241113
0010014101
4031340243
4003023224
1421143233
4232402101
2244334023
0420223142
0334202422
1014432142
4122042431
3440431024
2103202004
4334331343
4032204142
2430032044
2142103242
3211013312
3332441311
2203123124
1141423404
1300430101
4334023120
2002313221
4024320302
1220204040
0212003231
0300422230
0430031413
3404410034
2020223412
3404143344
