2233433003
4400242131
2040142211
2110302321
0300223321
4314223203
3440420032
4033404304
2020211221
2033404211
3321000341
0243123130
1444230321
4414121013
3233233203
1443003432
4021004340
2030032321
2320111100
1412402220
2131340021
0303003130
2323313003
4044222433
3313422200
1324104141
2013222312
4100242011
2023400312
2333013301
4234413201
3321234404
3310204043
2123412100
4012134241
4400314023
4210432434
4130144013
2204002324
0112111132
2320400420
2113241214
0102130340
4000430033
4332043322
4301301313
4114242440
4403123240
3031201312
0302323402
2401440404
4244203001
1312200141
4403320040
0132403131
0210330341
2010000244
4124112311
4443441324
0103302412
2030322414
0022311333
4414332142
1332210201
1212011223
2344414432
1032442104
4034113140
3444403331
0323311241
1234002410
0014333141
0132431014
3212400044
0120243430
3013411124
1313413241
3342121200
2430030033
4322420422
1330123102
2343314123
0012242420
1432421341
1302221244
1114212434
4112203131
3212402113
4401201324
3301121021
1120001000
2143243020
4403101042
2443332344
4301440423
0001023242
2134024002
1322320122
1333331244
2110240412
3230302132
1141233234
4003131420
1200120041
2403240302
0433432413
4020101140
3443202342
1230143324
2403322213
0021102313
1031324400
1430402421
0433114042
4344132443
2200314121
4330432124
3043133300
3000302224
4240243001
2001304043
1110122222
3402044410
3342043443
3041110211
0002204420
1321214101
4344432043
4201342013
3424333122
0434020122
0334132401
4011411443
3040344011
4133214111
3423102221
3011114011
2003030134
1112424114
0122322313
3041420102
4411044444
1304000124
4442011423
3202401301
3411222313
1103013402
1202021142
3320403232
2143324343
1114214020
4241144211
1011124013
2313331203
0133223142
3112444342
0244021404
4400332310
1141441213
3444004101
0122233242
1204022432
1412400403
1144441044
2420114340
3241233042
1413202412
4244032441
3424101241
3241004120
3024400232
1211204231
0110000133
1200314103
4004004332
0202041011
0430114021
4132023443
2221401311
2004100444
2213214141
4343313004
1413432324
3443143211
3044102400
0342442004
0143220410
0240144110
0424120320
1114244014
0312012040
0023423201
2201012313
1111134040
2101230443
0411012334
1410330003
2224134420
0344341144
3211221130
