2234102131
3021203420
2234034321
2043204103
3200132323
1324130401
0132341444
0301232032
0303332100
3314024400
4302410140
1033230404
1120211003
2142104114
0230441400
3412420124
3403203034
1034120343
0101431302
4313201020
3121414330
2131302314
4342002022
0012411113
1411412013
2103403431
4424301333
3113101400
4411024032
0333214013
2310002112
4413334020
2341040303
0043422041
0302243210
1320210021
4031024101
2433241331
2321420244
3020031333
4132421042
4013300241
0033444012
3313031023
0022430301
2034032242
2410043313
2112222401
3240020131
1232122114
2102442111
4031140022
0340330002
2442200202
4103403123
2211020404
1034330331
4432403130
0432423202
1242102030
1020102300
1312312344
0234303021
0311401123
2140212034
4230341102
3321420204
1304012312
1234132443
2341313212
3421102023
2341324400
1131342341
4310013311
4430044141
0312244233
2214134140
1321234300
2424131104
4432110233
4243403113
4130021230
2442212130
2220202344
3201214303
1034132124
1213242042
1100110144
2131341204
3402302014
4340240140
3104422203
3121403322
3042241414
4203244142
3040123214
2440430342
2232321403
2301223224
2320400012
1134211442
3011324041
0220013034
1100323041
3420012202
1202013132
3042424040
0124413333
0331124112
0431431322
3423420013
1201044144
2443422020
2022233344
0424223241
1334132401
0100322331
1310212323
4443142231
0104112401
3333004444
2402222431
2402433400
0400300414
1330331144
4204414240
3112300430
2241324240
1002002211
0024001300
0134131302
4404424420
1213023143
4322132400
1130334244
3444233421
4143204344
2041010104
3132301224
1143020003
1143203233
4131030433
2344111412
2113111434
3134400013
4200001224
2330414111
4442312424
3030144121
1132303033
2320402114
1401431324
1304323444
3112103301
2014443020
3441103412
3124211404
0430431201
3142021010
1342122001
4411031040
3321122404
3440432130
0401233140
4202122002
4030220322
2043441421
2221424142
4142034241
0230104013
1143323342
4432221342
1004011002
3410021433
2110132034
3330323244
2112034041
1104211240
0330030402
3124304200
2320011340
2123224442
0424100112
4431103403
4432102132
2214044144
3404344233
2341110202
2221010422
1220212021
3134411404
4344232100
4234420241
4302340021
1422440110
0442312231
0413121133
4111400332
1330013434
0040420114
