3243143430
0131144324
1444441104
3323433041
3214111313
0210002013
3203321403
2431141003
1231031442
2441204012
0113303404
2301424130
0032313310
1333331310
4013013414
2132202422
4444040011
4131114433
0004421212
2133103223
1111114210
2201030103
3413204031
2424143014
1311122420
2022104402
0041004414
1242230214
4401431234
2242403233
1020033242
0032311202
2311223231
0330123022
4401342143
4312300343
0342224440
1322244400
1204043031
2044330144
2404421040
3023230424
4003314101
3202214423
2031413212
1234331312
0400332304
1212210020
3342103334
0004313234
4144113321
2132411032
4203402420
4133211322
2343120141
1113414031
0133231242
1310013130
4404232201
0032010420
4042112202
3201402444
0440004432
2444420200
1303124331
2000401313
1230440132
1143333114
1103003034
4021344414
3000314241
4230443310
1311334122
0034433440
1420233441
4413044124
1140440322
1044333212
2200001313
1411333131
2300100320
4403041203
1340303332
4224400330
0132033124
2014103041
1400420441
3344211311
3323304423
3143041431
3432040244
2401441424
0014303312
1330042243
4214022210
1031102013
4144001014
1431004400
2340122241
2302403240
3121201402
0310000131
3212431104
3102130131
4300033022
4322441034
3001240433
0313032432
3401120024
4140111020
4130110314
1423202303
4204344400
1033321443
1013200321
3211324414
2404300413
2003322332
4230231014
0441232230
3032211133
3234033442
2444401240
4441101442
1341233033
1034003031
4102202241
3244314013
3314440233
3442331244
4411230234
0341012144
3312342101
1432232142
0003321133
2343201141
3102113421
4044044143
4230223010
0212332242
2323333213
1132121243
4031103241
4121330321
2300443303
4404104322
4332303214
4200043111
0130111420
0320443324
1044211101
3020232414
2211241422
3110101444
1101014431
2244102441
3412030232
3020030404
0124111233
3323314432
0021042303
2231013024
1143333024
4404031234
0440141342
3311010033
4200232334
0114210303
1412323214
3112214031
1334100223
1014311124
1134430324
1344244411
1131241234
2013342142
1240204212
4141401141
2420414432
0233401001
2013202101
2433223240
1340230032
1411242030
4022020321
1402223441
0023112300
1124234432
2303030021
2223410131
4111111134
2331124331
2203314232
2311404101
1401120142
0104232123
1122222013
0434334314
4023202401
2131122333
