3231241332
3302432233
0234341122
3200301103
3410213440
0300002113
3440002032
2140223313
2300100143
0302221243
1124220442
2011121023
1113100221
2321231012
2403013021
2320130003
2144341241
2422422333
3313244201
4432121320
0321431412
4301131312
2110321444
3332104243
0231044142
0320420201
1023103203
4332312023
0313242420
1102220004
3403011442
4124403021
1111030004
2313340133
4324321130
4433112340
1302310230
3013220404
4123120241
2130212222
1333210420
0202333003
4341102233
1142331241
4201113211
4340423442
1344002112
4344334442
1144101321
0130330133
4441003441
4420020443
2230041441
3211211033
2124330122
1400001230
0002404311
2431442233
1102332330
3120140431
3332413124
1243420240
4331221142
4012221243
0444131304
1442142330
0314011301
1044422321
4224303313
4202220211
1242221231
2334213441
1024233312
0202102114
2332033424
0021421104
3004000300
1312413203
0224210024
4040202214
2323322413
3301210314
3243302323
0131231331
1413243103
2310300242
0203000224
4333321242
3320310001
1000123134
3030023304
1310410421
3311420033
4434243414
3010024423
0334201002
1030034331
0331211041
2100203144
3340124141
1342003040
2111124414
0320422130
4334043130
0100022103
0102211220
3114220443
1334211331
1234111102
1432323121
1144442220
2421222304
2433224401
1231012102
3340222402
0344414312
2000113444
1001430002
0040211304
3212122012
3140201134
4301401124
2141112413
2000104241
0100112232
1024234200
2121112122
1431431340
3023343240
0103042143
2334000403
4002040213
4000114100
2323430042
1144423110
2011141430
1013410200
2402444404
0231413400
0034443323
1023443240
0213114224
2112131141
0304313003
0433341211
3041322103
2413112441
0412341401
1041343434
2343131123
0010413320
3342214022
4434444231
3130411402
3134442330
2112430143
2404044122
4324211101
2110113023
3123421231
3433242122
1221212101
0220031332
4411312431
1044000103
3314113323
0222013334
4213142221
1321220020
3320240333
1221330433
2000331202
3131233030
4004333333
3003303014
1012301034
3403300222
1122332432
4300112104
0130342112
4343422144
2314130241
1122220224
0242224013
4233241410
2111301410
4444102304
4211102220
1410332413
2100402342
2111000131
0334442102
1413210031
4110112321
3023103124
3404201342
1140332441
2342102212
4401132034
2020132222
