0142433241
2241301220
1021201033
3101240204
4013403102
3444230441
3044021000
0033140313
1033011311
2104012003
3310420040
2142404304
1424022423
0212131334
4411244040
1003044413
3400214333
1233022001
2020222042
0122212330
4112013440
2313144220
0211343444
4340234012
3021401120
0330004330
3412201420
2023320312
1401340334
2033043232
1344302210
4112423403
3314322414
1011243241
0244310310
1404140312
4402201013
1314244043
0412140022
1441421314
3420340402
4311034414
3330441301
1013440423
4240100242
1010432404
4132204424
2012231322
1432431114
3011014132
0112424113
0421241123
3432344313
2044103420
4101240303
2434144442
1210201424
2234303224
1040212341
4113310310
4314411114
4004330210
0441000313
3410221131
3440104423
2121314201
4403211044
0130022233
4032414210
4230214400
4244344020
3241201111
1040433111
4001202443
4114341320
2144040341
4240101202
2121432140
1211120213
1040341231
0310220232
2442343043
3123334024
4441214343
3310244004
4123144413
4402134241
1120123120
3133333304
3002014230
0000143123
3404143114
2031431013
3341134232
1143323112
2202144421
3310324121
1212120433
1003410240
1310141424
2103300241
0442322240
3024223334
0100221112
4343121143
0304144414
2342044231
2124442044
2101123201
2322244420
3224010042
0312120404
3014014400
1202321022
2011044412
1444402422
3102034231
0220001303
2001311114
1303040241
4110302041
3012040432
0333432400
4111314230
0034242331
2021244013
4043023304
4234003142
0341203042
2114214001
0420230114
2102000201
2210313143
0210241411
4343102434
1221114241
0141103220
1431133042
4221033443
3222131423
1022230231
3341020403
4112321300
1140302112
3301110123
3224134430
1234440320
4344430300
1244243344
2422403041
2213400422
0401021123
2144230441
3213442414
1433203402
4223242420
2040102140
3400424222
2242301142
4121003133
4211001030
1333121143
3304011211
2001100000
3131202134
1344304431
1411433213
4444123001
4234204301
0143041224
2102021104
1114430104
3324141442
2124242123
2442032223
4321024313
0430310320
1343001342
2041223120
3441443020
1131101242
1003031223
2302244144
0100043033
4344222300
1431412213
1140043130
2230230101
1431224312
0230110214
1313302012
1232030320
1233302200
4010311423
4120213130
0412002210
3013441003
3222321242
4341131030
1424321033
