4234240132
2133303210
3404311401
2241221011
1401230141
3104120130
1011423441
2310314221
2133223400
2224322043
2242130434
1043120201
2443320433
4401023120
0431224202
2304102330
3133013231
0340300002
3414132140
2432302342
2220300002
2442020242
2312020434
4123233234
4314113122
4042322343
0433322334
2402223231
1020004432
2203243200
4002212240
0102233032
1442214204
2140413341
1132102244
2004412314
4013401102
3003113404
4143420124
4143412013
1140410034
4041202403
3433300331
0330114211
0231412342
4322014044
0442304103
1101224104
0020241204
4334442224
0121033201
1432301043
2113120011
2340131223
1122343310
3244142234
3020320243
1021243042
1034043430
2003401410
3334343120
1300030410
2032434002
0040044144
2310014234
2424333133
2123412423
0311040122
0401320311
2112020124
0042441024
1332041120
4320404034
2123020344
0132324011
4040011102
0120014241
2003044244
3123033214
4304421234
0113332330
0301120412
1443441412
2440214210
1144444331
4132111304
4344224003
3112000023
2012231100
2104102202
1043400003
3240232010
0000020034
3210334313
2412304004
3014242404
2001044311
1431321424
2043323133
2331243131
2411311212
1020443311
1111120112
3044203002
0144011304
1334330133
2431312223
2323044233
1131322211
4210430014
1221100013
4303042204
2242140324
4301014142
0231044304
2141124002
3304010034
0004132100
0144222420
4000124430
0134134104
0034430214
2234034113
3221011443
2044022034
2112213214
1413101432
1310042340
1244014030
0233441042
3421130430
2012101213
2113133433
4213202243
1020132044
3401213010
0442133300
4433433412
4024243023
2440213240
2103004142
0111111000
1234142210
4342231210
1041044244
0114414042
1010141332
4240230142
0210311143
1214342434
2440312231
4120123122
1222133341
3323113122
3310400410
2131341403
4042303043
3122412113
4212121323
4224023202
0141302032
3402431230
3241000203
2233202033
1000204220
1130202122
0440240104
4314222043
0043444241
3234032311
3002110131
3014302013
0110120411
4201220021
0224044010
0034140343
0114134433
2300423113
2233211330
2204412410
0223200441
4302024340
4212110404
4213021101
0232211320
4202344413
4203022112
1140033401
4032123243
4102024442
1240214013
3414403303
0434134040
1212124404
1402431142
2211240023
0313400203
2414320330
3224443331
0443304432
