4044441001
1401314341
2213012022
1303423012
3000331210
0103303100
1111421224
4341412222
0114443141
4430001040
2232023414
0122342402
0343041112
3230244030
4131044133
3222103002
2114002314
4423231240
3403411101
2132414444
2024032103
2141403130
0121203233
3220333124
4034130231
0220440220
0142333233
0032022402
0200024332
0122221340
3223040021
2012023310
0113414311
0220014302
4232033432
2011004313
3123010414
4303403014
1040410233
1323010411
3223241044
1210110012
2112020223
0441433433
3312034120
0411424413
0311330110
4204314000
2122142430
1312312021
2424001400
0300403141
2403212440
4441024134
2301130143
3221134321
4244020214
4122110434
3421143000
3004014240
2012231214
0403324444
2004331214
1311002442
2143244240
1213112404
4402120102
4133410112
1421014214
3412003013
0401003132
4222341443
0110204011
2413222240
4120002112
3200044420
2113421044
1220343024
2010012340
3334220412
4420322324
1110134013
1211210041
4130114221
3013331040
2100324023
4211123314
2021042434
3320313311
0031011121
3144234420
4321142140
3024430441
1221301201
4224431143
3210132204
3033034014
2323243443
2232144004
1032310020
4101103101
2334314202
0301234431
1324210304
4231043000
0132213200
3434444342
4340313113
0031021031
0444311010
3033431241
2332441104
1220400221
1401002321
3023403331
0433144123
4333411113
0133140410
2303014110
4020420410
1442134023
3242213411
1413321123
4410342234
4121321344
0020232421
3244413122
4413342044
1421400104
3102421414
2203143411
1221302030
1334004211
3323004413
0444102113
1404411301
4113042240
3330041431
1001402320
1140103421
4212420244
1200211211
3013112231
3422024033
2021301244
0110012144
3314032423
3430123044
4240414012
4200002324
3023040041
1401232443
2332302112
4413204140
2430124331
4142314003
1223413143
4344134200
4413341431
3213014004
3203122110
4022341002
3312234021
1004004030
0203100030
3343232241
0112331310
4023434114
4020302320
2104131133
1403033142
1302223124
3103042003
2142243410
4114331033
1144144020
2400101422
4023310244
4411044033
1340214022
4244132140
3304440322
0440042040
3140332400
3011230140
1332200114
3443023401
4311113323
2413413124
2313433411
0314043301
0202201332
3040023042
4014304141
0302302403
1234230331
3342431313
4043102411
0341343311
0221300410
