1031323222
4112131110
3401314044
2420024313
2133223020
2410123122
3023102102
1200232011
1041021342
3112001142
3140114330
1001014323
0424112013
4324333040
0321100041
0222214444
4232340123
0014144022
2412300414
3023310100
2031300423
4333430402
2130420431
2424432122
0323341341
2131421132
0144440444
1034000203
0112101043
1313010122
3231133112
2112230203
2110410200
2011413200
1342221212
4413222141
4300312023
3310023122
0344133310
4111130112
3421002201
4414322431
1114310433
0043003420
4402443403
2130210233
1230243014
0331114031
4001403023
3041134443
3230002344
2420444443
0042130043
1432303334
0420311010
2304013403
3001211342
0332214413
0133212111
4021024331
2044301202
2040302104
3022340041
4134440333
3433230042
2414244320
0132422041
0041243333
0100032302
0200430420
4224111140
1320200242
1114004202
0043240104
2402344134
3332443123
0233233414
4124330230
4032041024
0211230340
1211231334
3401410013
1003441140
4320230344
2122244343
4224202104
2323040014
1022414312
1444322332
1031430242
3312033412
4440130203
4032310024
1043214102
2210444004
1042433101
0131343140
3330242411
2020033044
4300321211
0022141400
4140411011
2000040021
2413010314
3222030333
2013332102
0240442410
1321432304
4132202024
2314331120
3223443033
3013131204
1101201223
1030444211
4212210223
4423021031
4224134020
1304101400
0324144143
1322042321
3114132413
3023044413
4002321422
2142033303
3112243342
1344042114
2111431141
3242213414
2130132222
1131144031
1441431232
4331224214
0111212321
0410120422
0442032431
3000004413
1034303124
2123001242
4414414333
0420321342
4012100022
1222032002
3101434012
0144240220
2110221002
3220212200
1222021120
2021021144
0311003121
1411232011
1323020244
4401110403
4324321211
3314334310
3403300344
3133112444
1112411031
0004324003
1302313413
1300224021
2204422342
0333142333
3132212202
3443413300
4102210041
3131133344
1010321104
3232231142
2140414303
0002331013
0011034414
3320043334
2244041324
3210133201
3234111430
4201341434
4300410441
3312214200
1323113422
1334034243
4043103112
3443024401
1041212110
2222202400
3302443401
4431231424
0433242300
3012434123
1332001111
1440003123
1420134242
1043331144
2310413342
2044033023
4310411412
2221042023
1434303243
3443401233
1124423342
4330122244
