3013104013
1342320413
4430201204
0220402232
3314201121
3143444213
3404134014
3422023041
1031142330
0314422130
0344140422
3330313131
2410132234
3431410124
4444312400
3313002024
1233211122
2114121320
1221421411
2011042224
4240312343
4220320000
0441244442
4043412031
4234330131
1230124143
1020111411
0043443434
2130441322
0242343014
2223113042
1432321013
0142003034
2044034321
4132000230
1100203314
2310312433
4414114003
3004021123
0211011420
2202124111
3422401141
0142333314
0140304334
4004131241
2232012344
4033223321
3230141333
0230333221
4033111043
3300020040
3412003213
1334001041
2110331221
0141044132
4000301444
2132410243
4230312242
1342130014
2401333412
2401242420
3011322313
1431302034
2100424122
1412201244
3422334423
1041331121
2332203323
2333230203
4133223131
4422134444
3203010401
0302444201
0302143234
2404143114
4233034311
2040213423
3200101204
0400441104
2103032341
4022012430
2024130310
1433332331
3223044401
4134440041
4411331334
1040231040
1220130112
3223330112
1314444313
2120231031
4233141341
1303041402
1213040100
2134332331
1141343411
4444221024
4214103302
2121033214
2132204221
4222221400
1133123344
3023111304
1020322234
3442301420
1430023432
2310224123
2121330040
4010111033
3030002103
1201300324
4234131141
4144234300
2341133140
0430444332
4120213024
1012301333
2311112124
0020140323
1102332312
4004030422
2120211340
3300213041
4144224234
2033443042
2342141312
3203402324
1412211221
4442204313
3132343404
4012013213
4011432131
0101301303
3214031300
0313233432
0023233001
2401020224
0202401330
0003400322
1002320014
2430130042
1342032102
0444021440
4402320010
3202242233
3311122224
4010421311
4134113112
1034314033
2321404210
0410304400
3332141313
2431101134
1222033412
2421133311
0012021030
4413133023
0111333340
2331034404
1042341420
3322011002
2102343114
1411010124
3231102110
4042401442
2021140014
2134133211
4232423301
4131401221
2214330221
1232001334
1233031011
1023322043
1443432342
2311233033
1420304103
3222122234
2144103224
4430440303
3112143444
4223134144
2120441231
1143041432
1020010440
1104201242
3100412043
2411243220
3402104200
0400020333
1234320320
3444034243
2030211441
2420122304
2424333401
3411041230
3230002041
3231103243
2304304344
0220033131
1042122030
