3421240023
4122302120
1031311004
0012313413
2242231101
2042104214
1331412030
3022423040
1120103121
4242131210
1243322142
2013300023
3442300401
3223401111
2240122244
1411412222
3042232442
4420401000
0010113223
1300423211
4432340122
4433233421
1134004203
3242434034
0223201412
0342434030
1420223211
1123311240
0243101312
2441111430
2003242400
1143003221
4330300433
0343130314
2204311023
0032034222
3433403010
0203041100
2103033022
2323043312
3333402001
0140104110
0411434024
3444333242
4310434422
2331132400
4401431442
2111402023
3443410411
3102014010
1004131422
4244214404
4342142041
2230021314
0432221104
2110432411
3004431000
1310333430
0134024313
1233000333
1211310310
0033214301
3302220221
4140032101
0141443111
3413121310
2210144221
1301430412
0420344240
4040202414
1334124434
2023234004
1431303012
3140300113
3334442431
3301213033
0122243303
3230424114
2343110214
1013001004
4341313044
1100043142
2101020010
3004233400
1122322042
4033244421
4044140300
0333402113
1120023341
2431104233
1330320422
0244324324
0042331142
4120333004
0242412404
3103414100
0022310212
1424104443
0423001413
2012124311
0140431233
2400444333
4232422114
0411202041
2403222323
4324302321
2142004313
4132111444
3044012201
4114103032
3242002334
1244001103
2011424040
2221223101
0302031143
0131100234
0310304222
2122141042
2032302301
0300243122
2231404111
1240304211
1144013404
2011130303
3004121343
4301313011
3444222422
4314232012
3411121021
2423214113
2234233130
1024432032
4023104202
1230433400
4230433220
1302431214
1331401101
0204020241
1144020440
2334033311
4402102113
2434234131
1423110304
1241004004
2423043440
3134134024
2203004130
3400144112
4440313101
2411032200
2232233333
4314312424
0400224220
2214443120
0223413122
2141424400
1420343020
4320134012
2024124000
1334023412
1310322210
3032411440
0110233432
2231201132
0000402302
2303111301
4143341012
1423313200
2431110214
3242011420
4434434142
2231210224
1444420222
2302030332
3234302310
1231312002
0213223401
1432202242
2000342130
0002443114
0203034033
0321133422
3144113331
3440311034
4011210113
1340013000
1103002110
1231424232
3333344341
2431131001
4333141322
4312113344
4331404143
4301143131
0030130410
2202104112
4120034413
1114432233
4333422131
0232422004
