0410340204
3232004414
2340222113
3104101441
3341004432
4330220042
2211410304
1234030144
3030011241
3304221232
2233031000
3431401113
3022212031
4113124431
0342033120
2113210414
2113034210
1441343410
3123112332
0334323404
2122012323
2033142432
0002440124
2131422221
3111410241
1230021112
2244144024
0312040120
2301210332
3133043432
0122223344
3232301101
2444121342
4133403033
3312333214
2021234103
3244401320
3213022420
1124301101
3232010022
0130001334
1133411244
0121324410
3334312224
3022221303
2011214302
0440321433
2040200113
3343020110
4013244330
3121204121
0111330003
0132341213
1020100342
2414021340
2244341330
4214202003
0240010214
1033104112
1004243203
4014433333
3233001130
2334241321
1044444343
1431402241
2144313034
1130121113
0302400422
0234022230
3421223032
0030110124
3314043411
4123413130
4203424322
3142410323
1332044333
1043332224
3222130124
3120131031
1211011021
2311020243
0340441222
1321141440
0442131323
3442024331
0214141412
0000313412
1313102442
2321132134
0343404233
3224003312
0342040102
2403043321
2402034320
2212140011
0414403030
0022130103
2030041411
4342000023
3124124243
1223243010
1114241302
1331240104
1010144133
3430301401
2134144114
4101112440
1213341011
1420104230
0043142123
1032032313
3444001402
0233332432
4310214310
3323443111
1212024023
2333013002
3343401223
2342140221
4130442200
0124143402
0044101440
2241440010
4111033204
3434232414
3033134000
1310211223
0111210413
3101323320
0102323323
1120310302
3332232441
4241132101
0142430124
0402213304
4431141032
2443121444
0240112441
2314332112
0011402040
0022030340
1330332013
4440403212
4314234430
4121101002
2322130344
3433024121
0020344442
4214131120
4341110314
0320023342
3330010403
4302403001
1241303430
1013012104
1232401013
2403100104
0411124212
1022241030
1113141042
0310231341
2024302214
4221033422
2140024011
4233422043
1000324441
3124314141
0343434122
2321243002
2443343023
2332023133
0001013221
1043401221
3432121310
0301121420
3121310011
3202034202
0233204133
4120001014
4304130322
1331313241
1334122443
0022342013
0432341144
0442330302
2212310002
4043244124
0013132040
3243230404
4012340414
4333120143
3311403142
4440343412
1443240020
0204420433
4012212341
1441432340
1330341101
2331344043
1400403304
