0421141040
2330412430
2424044413
0022342321
0031440021
1134242240
2213233444
2242320223
3304342422
3042131422
0341121120
4224300232
0322110024
1012303113
2403341113
0432244313
3001322411
3311120034
2100041001
4042010012
4042013132
0000310114
1334110301
1021414310
1440242424
1040034403
4320021310
4302210043
4231202143
0432312020
3131400020
2323112110
1002230340
3013222013
4410234103
4443002333
4031021431
1424340214
2342230011
3413230032
1431401441
1003212414
0124344041
1142124013
1123411333
1200101321
3101444223
0010113303
1004320101
0130403442
0222232333
1042230230
1424313030
0101024232
3432101110
4004030421
3410441003
3410412211
0304011324
1142331210
3004112012
1422430304
4211304343
2101314411
3244141402
4421104003
3131423100
0342102001
4110042111
2404031000
1144403141
4012220220
3332012014
0300230122
3032144341
0333330140
1331203024
1210031110
0231144030
0224010130
0204213242
3212021132
4243134414
0004403103
1042323234
0304130222
0210311303
0224322142
4203132031
4322103141
4440022243
2331033440
0340112020
0232232420
3204420033
0220441042
4303333114
4413012121
3113003320
4313242212
0210240400
2230024401
3332323410
4102401334
3112430303
2310334004
0011223011
0213324030
2022403420
2242321341
3424341432
0302042123
3012442143
2334240203
3243320210
1324030012
0032431241
1112340033
3044113002
2023023423
4323401333
1443214103
2223123142
1131334041
4230340024
3431343204
0210331403
0241103003
2200333112
2014221101
4431013403
2243440211
3332243313
2133222102
4213423241
4210030331
4320304003
0222403204
4114324440
2440102001
0022223220
1421241410
1223403434
4123100112
1400143041
2311302344
3224441041
3411040341
4014344431
2300132112
2420303022
4411331412
1114022443
2404242230
3013100144
1420314243
0223430332
3040122312
0240124310
3003243420
4320223424
4403323213
3340021310
1000244332
1002200203
4020103442
0132112300
0342143101
3022313020
2113400132
4420312134
4012412314
2032243133
2202441430
2031202211
4212142111
1242130002
3134034313
4022124330
1240213431
4222024202
2322111110
3222412444
3204340331
0233042221
1023404100
3142014140
3323420033
0330232000
4313010422
4014424141
2004020203
4003104222
0024342044
2210011320
2031330242
1440204201
4414432311
1122014243
2434013310
