0303031122
0434132344
0443441123
1103122142
2343132043
3323203340
1120033044
0230230044
3430131422
0312413320
0410334330
1214143223
2111141233
1140434300
4324114032
3220302222
2104304221
0232424204
2310040101
3422130302
1102114222
3031423334
1323433211
4444223414
4023144220
4004343121
2412024240
3204102443
4100201103
2104400300
1433212000
4401010242
3234414042
0304023311
1012013143
0422024342
1022400114
0300044243
3220314101
1110042301
2420243340
3034104024
4444241301
2404104321
0330324110
0031143331
2043330132
1410101224
4023222001
3100003211
2332412212
4301403441
2333414422
3343330444
1414201003
3310043222
2341411400
0232210334
4321121420
0342402221
3112334032
0023343232
1304211012
0023423243
3004321242
2041403310
2320342113
4442200411
0144314023
1400123232
3234444031
0244100410
4301104200
0312124030
2214234133
3023141141
0102312320
0222320210
4313144132
0120341111
0232234232
2330032330
0130433240
4412134104
1322110234
1023141243
1323031143
3334230134
3222321321
4143133123
3220240242
4322413110
3132324030
1131121231
1033131220
3214132000
3223344441
2143304304
4014013432
0210220202
2044430022
2142330433
1301133331
0124111104
0331240331
3411020211
0011240444
2034240001
4141021033
2144233241
1431212013
1112042134
2212314221
2442212221
1301333301
0400000242
0421034322
3201134421
3013003103
2420141014
1121112022
2303343041
2011400113
1211113114
2230300010
3301233142
2124344441
2401242332
0231320414
1401443243
2241144011
4011121024
0303314033
1013422340
0042102120
1301221143
3331041220
2131331120
3013243114
0123200334
1200244030
2210141014
1224430144
4300440232
4233100123
2112244122
0432132233
2240310040
0124432322
0433030240
4340223213
0123041403
3112303104
0402024202
4313034342
0444414324
4124204302
2114432341
1203233100
2343403210
1434413304
4034010311
4041041442
1102040321
3110010400
0033212210
4232121000
0434043323
2023430222
4210003324
4023011421
4114210302
4100320320
4312234402
2210124210
3402203304
0314010241
4133400342
4232312000
3402414034
3241241410
4113340004
3424021421
1200021342
3223232010
1314120404
3233323421
4230003210
4240324221
3442223403
4314423121
2303323121
4244124400
4320121433
0422031112
3332204011
4434034133
2404243230
4444240242
1014040202
