0132431443
3322302330
2314241040
3241114344
3002233411
1022431343
2324000021
4243444102
2212343241
0201311000
1344244011
0002040002
2403101343
4430423000
4243331304
1131211334
0231004002
1422333304
4044344044
0203022243
2121332130
3433021303
0433240044
2001403004
1123434304
0402040303
3012101201
2312424113
2102244421
2030004301
3042204212
0213131342
0431042143
3400120144
2002343002
3222222044
3001044241
4014210234
4243222012
2341340204
1203333423
4234234234
1102201032
0331020142
3430222312
3001431014
2231100201
3323040032
3442043322
1342043223
2241031211
4040120241
4034034032
1310103412
2432413000
4043001400
2300243320
4042331044
4124430221
2401314433
4130140341
3421122114
4000210414
4342104244
1023020420
0321120231
4232244334
4143223232
0344344341
3214312314
0010340342
2024204120
0311413321
2002000332
2013204340
2014410431
4111102000
2222041003
2420230223
1103420042
0120030320
2132132222
1342002311
1032342210
3402201130
2241130330
0443322141
4210412120
3432420422
2442303344
4340412412
3012221233
3013220103
1022424420
0131244300
1344234324
3423210340
1011101000
0403302230
4121042132
0334334312
1303344130
4023334443
4313304023
2142441001
3233334142
2210342402
1324330112
2422240242
2010322011
1121033234
1024413310
4244202010
1133202014
2201231334
0141403331
3140400334
2034320321
1333340340
1233014321
4310020120
3411224331
4314134341
4131204411
1210032144
2304123022
3440101303
0441423102
0300331230
1043424420
2420334132
3240443322
1020112313
0121104021
0003104213
4323001323
3024120414
4322010144
1120430014
0222331321
0334444133
1313314041
3014021221
1043404434
3430000112
1421022312
2031210311
0244040123
1142213430
4410413112
2114200112
2014142340
1113202220
4031433211
2124343030
0400214400
2320310122
1444030102
3134322313
3203204313
3013200403
4322400232
0210233441
3442134114
4430011011
2223412123
4420244101
3204303034
1244440304
3242141131
4123444243
0120342322
3322342323
0003303032
2243304003
0411342003
0411121032
2021233402
3001213044
1030130042
4211223410
2141241112
1140340424
1222224234
2233001124
0231044213
3031131333
3023403401
2303031434
3104003100
0204233400
4114103033
3332200243
4044422144
4121241031
1411330223
3444412141
3244243440
3134314120
1111042104
