4043223400
4241412424
3404441114
2230120423
3312240033
2144131241
4412031103
3434231110
1413322240
3041130124
4444203240
4020230242
2341021113
3000430104
0002210441
0432000221
0004242333
2313421424
1103010131
2244234100
0041114223
4341413004
2044301043
1404020023
3002311004
3114444132
3323234412
1342142420
3231214413
0340211412
0414403343
4332422224
1044224124
2441330342
1433004222
2110314002
2332421014
2243312304
0424401422
4220221302
2120424110
2042210212
2202441221
2104131103
1321124030
4403321143
0303004021
1302222332
1302001143
0434434434
0120114124
0104342202
2412201224
3403043230
3133212121
3432214130
0302204134
1220202413
0312330200
1024433001
1114304243
3121043000
0032223444
1122110123
1321201244
4413002240
4344300121
0410430243
1312102200
2004030303
3441024322
2321300401
3233313312
4000114130
4342212301
4110324424
4012334432
1101100421
0011002110
0444442242
3104011340
2221233422
2342432430
4144022220
0323041131
1210131104
2044431032
3340412103
2420231333
1300341042
4004111444
1343044012
2041410032
1024232420
0331444410
1314022333
4212223102
1244421122
1213312422
2303101100
1114400104
4403122442
2444243421
1414144102
2421103111
3343304001
2000011112
4103240200
3021222002
3424022301
1241314042
0300110334
1320440404
3341003133
0230023234
0213203021
4224342134
2221231220
2231432301
2131330213
0342344343
3104331343
3113403112
1143132243
2033211321
4120220234
4043430244
3342024210
4404034342
0111021444
4222122041
1431231140
3202420201
4421331011
1043422301
1043113301
3310100424
0202431234
4024441434
2433020341
1234130220
1230043123
0101411142
0330444134
3423130131
0033201012
0212324340
2341122444
2420120212
0100143331
1001314220
0343440410
2442202222
3441210331
0420414240
4032201321
4041422121
2031243134
4111112344
0312232203
0022441444
1143011201
1044224032
4012034210
1241230230
0130230034
1031441122
0043112420
2404334240
1323111213
3320240321
3404033002
0301440020
1123344411
4040233110
1110024233
2320301210
3333312414
0140433033
2432131213
1133321221
2134233202
3223043440
4124234342
1342101121
2102200134
0414340340
1002110000
4420233112
4302112113
2011241211
2201133402
1443123430
4413040141
3011024004
2040043212
2040124111
4230240431
0023141014
4313211331
