2032421041
4224433030
1134312314
1130413200
2102101042
3000422130
3031400131
4330230222
4311302231
1404101102
2014243321
3204342104
3413000441
3313231242
3141010243
0311201121
1032401233
4023120040
3214330214
1024143134
4322231322
1422104231
0404342230
3412234343
4124032044
2232020042
2241234024
0420113233
1111421220
2221343444
1440000233
3334311114
2143240230
3122320031
4342034123
1442220423
2402314303
3130334132
1222041022
4122433021
0003331343
4013113022
0332422224
3141310231
2222303440
4331414340
1224213433
1122010042
4334300203
1122240033
2410444114
0230031324
3014013404
4412412322
1214041330
4443242010
4023344234
2342303320
2141234142
1223113413
0210221440
3013122433
4123300424
2232122231
0002241203
2002224312
3131311211
3300233142
0213241212
0010020414
4010211420
1311003024
3430300432
3344324421
0414330444
0023443342
2040100303
4121443113
2322320411
0201322002
1110433141
0202113031
2424244344
1400444241
3341241330
3300200324
4303234400
3143120304
3410200211
2131242110
4202144121
4331340133
3334032130
4203233132
0042243242
0130022042
1002404002
0402433424
4420011401
0414314234
1223204303
2404421233
0414343002
2201300313
4210424331
0004302123
1444410103
1134201033
0113041201
1321021102
0043220004
0123431032
1331020302
1311310122
2434130133
4210141124
2320133034
1313243314
0132331112
3024011140
3134333330
2031311314
4132342023
2410100442
1414122004
1420214342
2141240220
1231044004
3400042314
1434034220
0240133023
1202230234
3430410001
2034101133
3323033421
2003001340
2344121403
4334104114
2434114420
0332423000
1100300431
4233311102
4211414024
0332314403
3404414302
1140031030
1142300034
0203303332
4221120032
2402210023
0431313210
0202210123
2432433314
4303111242
3413033114
0101001302
1403434103
3232123001
3302432100
1332431313
3242102031
1323302441
0223213324
0413043311
4022414043
1003141313
3411044000
4112420100
3402223002
4231400113
4011313334
2041220402
4142320111
0124144210
0222311432
0030003123
1044410342
0244012242
4440232244
4011231200
2412043042
4330114112
1440212423
1123202033
3023230132
2341013303
1031003134
4323213143
3310333322
0434001103
3040313404
4124041434
3442423420
4230110431
3103330334
4332201440
2314214100
3321223314
1411020231
3341343213
