3431410400
3124032433
3200314411
0232330121
1232313204
3313104422
1411101121
2224324032
1311334114
1243044213
2102230443
4120033133
2014433241
3401243333
0110320120
4002312223
3201021400
2211103424
1000042204
3131144032
1400131242
4424320422
2314133112
1232204241
1234122300
1103210312
4404010324
0021312000
0233222304
2030330233
1413203340
4144410411
0243032133
3402244223
0140013314
3332420320
0441223032
3404304233
2332010004
3412442134
3223101344
0331021422
1043124004
3301224412
1340333343
2344332342
2241031024
1321101200
2142332322
2330203134
0104332244
2011300224
1333040011
4232343312
3101110013
1130102033
0344240403
3020121234
4310213002
2034314430
0302333303
4422311224
0302021030
3110004442
0441311034
4441402121
0433300413
1221211244
3202231020
2111411234
3312143141
2432033011
2140321211
4322301113
4342224101
2322201114
3401113204
3213433440
0441224211
2343411040
1031242442
3324331141
1142044333
2303140110
4101402424
3024123123
0200312024
1332242313
2043303014
4141030334
2331314411
3032224142
3233132402
3442033043
1124110044
4420441220
2304001234
3040013143
2110301342
3414430412
1220241032
3420223432
2421113232
0012421333
1133124123
2211313120
4130321431
3242432400
3242412002
0410124022
4430333212
4111221210
0422002442
3021300342
1104402431
0242144230
3213034243
1200244033
3411410233
4143144203
3312401142
2240341304
4213114033
3014133414
2140332423
4341212433
0102332011
3240113004
2401233142
0124034330
1344144002
2420410131
4121204001
0412100244
0301241412
4341024001
0004020211
1321324441
2114442141
2413432422
3404022040
3133033334
1033221202
4034300424
1240111244
4313231214
1342334213
3401420230
3312113423
1301303110
1121310124
3014132220
3303343112
4433330121
2004424240
0203341133
3134143103
4403242003
1131210031
0124241333
4332333403
0223313001
2314203102
3101424112
4423442333
4312003111
1014104411
3030333012
2332413101
3323314211
3203223001
3121403223
1144113403
2301110400
0310414344
1222041142
3343102243
3202433342
3044024311
3341011411
1441120423
2020133224
4143030243
2344404403
2232422232
2130420423
3241310001
2111213130
0244232242
3102330100
4442332042
2123320102
3110221312
2023213134
0043331441
0444101222
1324402103
1113302121
3101031342
1140322342
