1430112121
1223041030
4442200101
0042221312
1431402323
3311012444
3342200312
1303323323
0242432001
2421214320
3233333342
2140301322
0320242033
0441233340
4102303213
0440302203
0442344330
3230033344
0111114032
3141122231
3430140040
1300431034
0332401302
4204223204
3233132043
3301231111
1200340203
1222034340
3040404210
4420401212
0434412320
2104434220
4342044134
1401434203
3113001014
2341032420
3343340423
1032314422
2330333434
1203023121
3241243003
0213403103
2424221033
3414131243
2100043340
3311102033
1112432004
3224242022
2204222202
2341332300
0332323400
2322321241
1143123344
4104241303
0303422302
4003444414
3302232221
3042400340
2434413133
0101212323
2430233040
3412223130
1304221211
0333132334
2111122443
4322102004
0042000322
4400122201
3233332343
0203043011
3304323413
1040413414
0243023121
1303400144
0312211011
4242034032
4130121404
2441213124
3332221030
0321211222
2343424234
4120301344
4400222220
1004130134
4002210334
4004124403
1401441334
4133313312
1410241200
0241430443
2332403412
4131304011
2324132101
3102402112
2010004334
3244244240
1310134120
4314133140
0241131212
3111403101
3002231104
3141220103
3430124002
2332041020
0300124331
2303012140
1420121210
1033203134
1310341331
0340102220
2432433143
4013313423
0244243043
3003322103
1112224432
1311431114
2404020230
4300231332
1133120003
4341414043
2023344222
4210033412
3430220113
1000432044
3012343344
2440043434
4011300313
4221314114
1212104413
2101231004
1113243143
4101230204
4042044434
0340432310
2220021412
2311204123
3422243224
4224033121
4113143400
3220230420
3140244244
4144242140
2033202033
2330200330
0233314020
4333212030
2232433100
3223244141
0403423303
0002140012
2443322320
1130134221
3330233014
0334413113
0230232020
3230013044
3141423214
0401404400
2411403330
0230334111
1032212102
0410024313
0031241211
0210410230
0034211233
1200323424
3302013134
0013133113
2213101041
3112321342
2410214243
4030303420
4242120122
3212112012
4400302102
0330122310
2103412142
3413031324
0203243143
2413422401
2021331303
4423114204
0023123014
2110412134
1204220431
0241231143
3303140143
4212140002
3323111044
1014334243
2414322041
4012134444
3124203430
2403330023
2243301223
1141234442
3433203232
0310201104
2031143043
2244214030
