1011012200
3333100101
2430231443
3321310211
2342330130
0110301042
3204141313
0222101001
0214113403
1114443231
2112413040
2033024043
3110432302
3034000431
3411340003
2234230022
4223424024
3223212031
3322423424
2340303000
2012420420
3142204434
2114141102
1113311104
4342443131
4334231024
0334414442
3424033302
4104330223
2033412102
4104204433
3343044112
2220230202
3343014423
0243441241
3031234144
4242434300
1240321220
0214144430
1231031442
2143303112
2421130224
1103004202
4131424003
4044104033
2103414201
2320431434
0311042114
2233110013
2042002031
2310043422
2212204113
0234442120
2123143244
3332133020
0103412043
2230223320
1403131132
1433234011
4430241101
0244203210
2203120011
3420334031
0124313421
2040403322
0320214340
3322033433
3142202100
4004044224
3433404400
0423313230
1310020120
2144342022
1320023001
4000034013
3211022040
3232032400
1301303220
3430001204
1341403400
3312404424
4130312123
2103202042
1134104233
0020114203
3243202331
4321310421
2103010421
3220112311
2410014004
4100320120
4040230233
2300212402
0021420014
1430423213
3422110404
2203432344
2103213022
3142324220
3313431211
0043232420
0231121114
0412331411
1343234212
3410144421
0241013101
2021040132
0134320433
3234430000
2221012311
2310010402
3031323114
1140111112
3132240023
3031203023
1440041010
4330003310
2400432002
1000440102
2113200340
4241313243
4401342341
1130233243
1410024411
0011202114
1103034144
4022302123
4414342430
0401440132
4320401022
0400204123
1200302334
3034033141
4033234233
2340312301
4232024233
1001014404
0332442343
4141301311
3432424233
0331122011
0240422002
0432001322
0203421033
4233210433
1030302010
3011321404
1121114132
3433240142
3422023344
1012430024
0034113434
4230324101
4003444411
3341422141
3210001121
3431001033
1021333123
0331313402
1042414412
4113310233
2001300422
4002420200
4124231213
0431343433
3034223020
0401222044
0430232241
1231012044
2122232404
3322214144
2223242002
0041341312
3200024321
4013132311
0002403402
3334420110
0313402412
4110104334
4111300323
4141223241
4134030413
1441001440
3301410004
0220040423
2222044432
3243423433
3402440223
2303433210
1020240032
3303323124
4311231443
1302042140
3321112034
1333200211
2324220042
2441331000
4434231433
0411214223
2141011222
