2332021241
0102000134
1304411243
4312321222
2402004012
2221330022
0234241314
1224102013
2103101134
1141112200
2201024034
4032023000
4442131033
4313034003
3120410333
0411312221
3302313413
0243304442
0220443403
1030341232
1001231243
4344004434
3340021440
4010242211
4300334220
4323103343
4034320303
4240412414
4333204324
0214114414
4411132414
1410133021
1141422240
2222221211
3414413231
1444030044
0230223213
2342320333
2004423203
0334023204
4044042344
4132134220
2021420240
4040112412
4340034442
4110042311
3313331221
4044120044
0234140144
1130023303
1410414122
0130302432
1010241243
2212213123
0012320014
0431304432
3022141241
3324031023
4132122042
3402210421
2300334212
4340212130
1143313203
2132021134
3344141333
4130122111
3130241113
0024441114
2324344434
4014324344
0024321223
0413320141
1443123224
0241110023
0212114333
3101200320
1004243311
2200303202
3243102111
4142110331
0412211433
1231410031
1032443212
0142322202
1331403233
4444413434
3213342113
4003032012
3211232304
4130142213
1003340424
1221011241
1112123334
2034343000
3123304433
0230403244
1231201231
1143121411
2014414104
2320314220
4103322240
2204303022
4300310221
1033343402
3402212342
3304331142
3102130011
0331423331
2143102413
0222322230
4203332242
4214012314
4402410114
2320422110
2331143441
2014314340
2202444341
1033212322
3401041223
3411320413
0034132343
1241012021
0414310242
2243334321
1232431411
2430424030
2223210243
3302000241
0002021143
1301344301
0040034340
1423043243
1404011040
3332323203
1434132243
2223333232
2224111342
4012232403
2311031032
1431012422
0232410413
2200140020
3033303402
3324102301
0433023430
0403403222
4321112013
0313312112
2413144204
4424312322
3434041440
0201003002
1302344410
0444104102
3424314343
4302114042
3013024140
2400000104
4402010330
1242110423
3203100240
4344432204
0020141340
0044320041
0210410134
2223124310
1140223420
0230012412
1030040322
2001100042
0344344124
4422044234
2444221124
0431211440
0111421011
0003113143
1221300411
1114004331
2441103300
2111114301
4322312110
4441332103
2324113322
4234310003
2133101312
1312120004
4242333434
1021331034
0401302032
1014322441
0111223200
4321322201
4001120122
3240441212
1344413104
2343434321
0214221241
2302140240
4020244042
1124314004
