1401333021
1323401033
4413020310
2140443030
0341133440
1114243034
1000430411
0003120221
1011124400
2234333024
2430020120
1222103143
2132333401
4132432331
3043031400
3422444034
3220444144
4021231412
1022413240
4133232200
2442223042
0044140413
3011414041
4023314102
4201412000
0123043114
4304331342
1424244303
1444400340
0142300301
3342020010
3121233121
0134024422
3440342003
1132223111
3214243030
2404402133
4314431211
2032210142
1333123013
3410404210
3421034140
3432214134
3324232131
2312432204
2012024414
0021340323
4334333124
2303231030
0004142333
3013420030
4342431440
2040320013
3220322122
4321302432
1142242134
0232101330
1124332143
3224422140
3423344020
2120404241
0104131310
0430434003
1442331310
0110231432
3101104421
4221411113
2110141422
2234424322
2023031304
3024122120
3433121322
2013411334
2110032330
0433014032
0442024431
0121123414
0143040010
0111311444
4142321111
2214240340
2302234314
2133041443
4433043103
1413030101
3424242334
2241202020
4412243031
2140033203
4211013301
1221233342
3013330300
3421110041
0403342014
3403023101
0023220021
3104442412
4141011204
0411123413
2340023101
0024002033
2430111242
4410212431
4110210043
3314014001
0431133002
4204110210
3311101044
1411230043
1434223131
4203424323
1431333420
4121300114
1032224114
2242414013
0311012104
1134342103
2431333412
1041432444
0434412322
0204441434
1033402104
0223112222
4212214211
4441004203
4100242310
3120333222
3030032311
3411240402
3004133430
0421344031
4034110423
0134322001
3402443030
2424021424
1240100143
0001001204
2004123431
1401130044
2334102144
3434022311
2413020044
0311112404
2303244334
2332301200
4024243403
1443140430
2341341244
0334313402
3402434333
4402411302
0104220323
2420120200
0330122124
2003013302
1110440314
0243403043
4041110333
4342414122
2201242104
1300434131
1333400340
1102421222
0334114143
2234103343
2410112341
3244240123
0241132411
2444020302
4122041033
3001331331
2344130204
1441133002
3104331032
2034201311
1131210332
4304112100
1100041212
1121424001
1333001203
3420221431
3444020100
3432411243
3423321312
3400323141
2202041114
0313233443
0140410013
0320122232
3444442020
2142402024
4211201211
0244403220
1034343202
4411321224
2022101323
1220034033
4322214301
3241422013
1332403201
