3233321321
4030004230
0321201133
1224331211
1314234430
0300033411
3004214343
1004400122
2331414204
4441324334
3031400043
0403204034
3320312334
4133301423
4102410411
3343304102
1131132200
1300200042
0444320322
3442414401
0441241304
3302032331
4400211444
2113343020
2131333200
0231334433
3331010142
2413122200
1031342433
4431143133
1233331243
2132410134
1202420403
2031233133
0421314010
3300012213
0142404231
4403413434
0113421233
3204332401
3013140333
0442423200
2400011412
2213300124
4131020043
1314202034
0121000240
1214230303
0220241243
2231123331
2042433122
4020340313
3311142331
4013121022
4201434203
0214314421
4030112423
0302120011
0301313014
4243030023
1014203402
4010332341
1240122203
3422403032
1022414042
2303034030
1403400213
2041431314
1033012032
2224211132
3023104224
2142404222
0213044300
4303140243
2223240343
4343443403
4202201330
1214332230
2304100134
4030201212
3113141414
4121420241
1420123123
4444233340
3032133023
1423410421
1224310100
1104023213
0130214240
4104034320
1411011431
1340311433
3424134000
4420010044
0212244003
4010402213
4404441413
1133234100
1414212234
4012231304
2223042113
4040233310
2200024024
4023311430
2203122120
1201111341
4111324120
4402134003
4230224003
3231430430
1212112010
4433431442
2001242342
4210122002
1442131223
1102343133
2334303002
1101444104
4242041442
0101243200
4340301313
1201224441
0234020231
1200031140
4242413032
0334143331
3101103113
1402332222
4334434103
3220420414
1432020104
2044021203
2220212030
3432204302
3213320001
1230044441
0434002332
4334143211
0311201132
1322241421
4434432140
4431322331
4113004434
3133141441
2331404041
3310140121
1333344323
0132321423
4423201130
2414324242
0334212414
4203040020
0140243214
4120230433
2341143304
2440241220
1012103444
1430042302
3231213113
0034044234
0024013204
4002202104
3204230122
3012443103
2113123213
0303300244
1432313131
0241003420
3323224401
0103010134
2011203340
0221202404
3114431034
0130222413
0012310233
2040031201
4200402434
0100412021
1342011220
0041020414
0104100421
2002121000
3233313312
1231241031
2304300030
3031332424
1414140224
3404401134
1202310220
3412113013
4333344303
0332201312
4210423342
3123323401
0142344443
3031013310
3200344334
4000423044
4300334013
2213242143
