0020332022
1140043120
1444400411
0211224430
3400002341
3300443300
1111410420
0204031040
4034302204
3233443001
0440230030
4030142213
2010022132
2323242224
1330013444
3412043421
2011322410
3112022104
4012431124
2013103302
2111201340
4304334321
2323113030
3420043002
0041434444
1302000234
1141430031
1213120032
3433034132
3212400043
0444143033
2233221043
2324104420
2142034231
1211303113
0440424400
3104300341
1401124322
0433201014
1404412043
3123223301
3010321202
2143040220
1321340340
3201143231
3313322214
3412110132
0420041301
3203033044
4334343441
4222110204
0321444311
1131433231
4202333203
3241030231
3440333322
2034212224
0312312301
1130411031
3242421130
3321330414
4042040130
0040201414
1442102420
3012142231
2323230442
1233022141
1223130120
3120421110
2212223444
4230331012
4424414310
0111242200
3003230312
3414142024
4001221223
3401020134
3241420034
4110102043
1030112234
4322024214
4001413031
4111202342
0412131314
4444223000
4202433142
4300331223
4411012411
1113214423
3142020231
1401034402
2244114444
0312222323
0414110324
3120000414
0401230243
1313144001
0032043313
3222323414
0142401244
3213030334
4021030302
1410424143
3410022111
1241024233
3111230304
4000240410
4003211104
3014330441
0221041114
1113343421
0423404030
0131223112
2114301304
4302434313
0414020302
0232410200
4010440312
4213000033
3144123401
0133230403
4020432041
3244343122
1342330043
4410432220
1212224321
0122334143
3421034412
0340142241
0320033304
1323124031
3332233041
4011000240
2012030443
0444200212
2430210310
0433223111
3331343320
0110221142
1300342213
4040113423
0131134123
4401231340
0012132200
2102013433
4342303320
3322442300
2023014221
1031020404
1031223331
1222432040
3401310210
4223001140
4212031224
2230114042
3411232443
1211231400
3011141314
4240132114
2443442023
3413144314
2100211044
1241334103
0002414133
1011042223
3334222012
0142343422
3110044122
3012202324
0042044143
2111113130
0002344414
4032142442
0443231443
3143400441
2021412204
2103423212
0442033430
2443442204
4133003040
1341124404
3322033331
0020120123
1312110003
3430340210
2303131300
2112013211
3343333010
4240034042
2213331213
2311333403
0034401011
0420022003
2101444301
1310213223
0443442324
3123431022
2342113202
2314101404
3202014414
