0322240320
3242110102
3404224120
0023024113
3421111232
1443212141
2421420233
3440000122
0221323204
4111132120
4100033404
4310240031
4220140234
1221134204
0041140334
3103430442
1230140123
0200210112
4244122013
2132201441
1344041144
2411220300
4403400131
1000110201
3331101222
2341024034
4312020122
0241114444
0400330211
4313104224
3303113000
2344111140
1231122431
3411241041
2034311332
0024214420
1441121303
3323324032
4024322001
0410441424
1214313322
1230301023
1142343310
3124321002
3333401240
3020100430
2412303234
4023423031
1120410033
3111431001
1343102031
2041411040
2204041120
0412143041
3022004112
4333020321
4124001143
3141131030
3432301031
4132000424
3301444331
4142323321
1401020120
0342001203
3424240204
1440034433
4102414014
1141113001
0104342423
3301011421
4220002202
0210311040
2331313023
0131042142
2341321342
0232334141
4430411424
4011021122
4232314300
1443110431
3322320221
1340023332
4440040432
0114120230
4334423222
4113021011
3324411203
0233020401
2242342343
2032444322
4124440041
3033013232
0332003043
2343314214
3310304322
1230443421
0332212200
1220301104
4131034124
2033124324
2130120402
0300013002
3330412034
1224014140
3400220040
4302240401
1223400401
3210103402
1101344404
0214241212
1404310233
3010302201
2011101131
4340121304
4330122142
2300030210
1011131034
1334421012
4103342102
0443303302
0000234221
4030322001
3200300144
0203144410
3102240024
1412140240
2044234213
4402133400
1402202144
0033120303
3122034304
2132120433
4144110032
2443030230
0430101122
2114143113
1142043443
0444034220
3432120302
0033311011
2111332033
2010233022
4132111230
3243114341
1111311324
1322324431
0143310424
4203312043
4102112431
2420234044
1232311312
3233022220
1100004424
4334304434
1041332103
1013444204
2142112224
1210304302
4324123111
2212224223
3334421104
1041221421
0024342314
2204043124
2400421404
3241114040
4413244104
1102230322
3344433100
4332421013
1040423414
2312201214
4112142244
4033023313
1114120002
2114440232
4141341312
2343202024
4333100431
0203441033
4344224244
1023300014
4310141001
3312114422
3344443231
1212440101
0233141232
0100342301
2020111422
3410241430
3013223001
2234324334
3211023431
0013340001
3400032243
3434110021
4420334221
2214011421
2320414330
0013133411
