1020124440
1101344344
1043410232
3414422430
4240123311
4413103100
4330030042
4243342432
3034132424
1311123421
1434332424
4404401233
4134121201
4301003044
3230243321
3140240444
0320303233
0014413300
2012114143
2310234033
0314332130
2012102233
4430144234
4410400104
2020412423
4142131422
3121243101
3241123021
1431423013
0332124100
2311442132
2414242010
2233134343
4020400144
3141043430
4434030321
1121403313
2402312314
0134232400
4022203022
0013001042
4212123132
3233031242
0122100120
4114400230
3124140120
4040223102
3410202211
3041441141
3323414123
3221103311
4040222343
0102020034
0040212234
4044211420
0330101400
0003101421
1304213344
4340302023
2212212201
0100210222
2114123111
3214122142
3214231223
4423122140
4241122333
0123121344
4344404112
2430011113
4442111314
4214314144
0111233220
0023310042
3301230402
1413122123
0444100140
3333232202
1124220110
3042001231
2422033401
1012114232
4221002130
1240021121
1310104222
0131044301
2134210113
2240301240
3424244314
2421341142
2440330334
1400004413
2230423241
4421403302
2300013333
4334434224
2142021311
0213413114
3121010423
4400103110
4341402131
1114034304
2432432032
2301200403
3240023131
1302333320
4344013044
0003133023
4002003010
2302214102
4331034442
3111030200
4231232043
4303044021
0332243224
1441311221
0444201131
0403033013
4000403242
1422124430
1410142243
2443442342
1033432212
0214002024
0411430244
4100033032
3022434310
0422330323
2141420244
2022400420
4112202131
1304010433
1312134003
1433011414
4402302013
3200344223
4133123413
1313421300
2234131121
0121442220
0121143121
1410213202
0303342244
2020300431
4334244344
2002114012
0243202344
2041220334
2110211200
2343322114
1040240130
2302300101
2033430224
2222413003
0121322110
2441122433
4412412143
1401003242
4111243002
3413022443
1110120144
2414110314
2200124331
4114324444
4032343314
1301311141
0212104122
4134023213
2331414130
1010332130
3122140113
0332244131
0214403241
4011134024
0133244030
1031034003
2123442443
1144140321
3311041223
1412223221
0304400011
4000203120
3241130222
3404314111
3442234444
3321133324
0003220400
2321414322
3410401423
1032034432
2000202124
2000310312
2410322301
4101413240
1240102313
4043040232
1300403231
3223432214
4443443400
2111123242
1014314323
