1232200033
3111324332
3400332222
1023342313
4212041322
4302212421
0002422431
1121424032
3423414110
1020224334
0024013340
1021022223
1220310412
2211304143
0441304100
0234310114
2422031121
3444331020
0221203332
3221120400
0431334221
0332343422
0111422220
2310012132
2213012313
4033114444
0200142021
3014412013
3310141220
3134414101
0240321143
1343023132
2332104030
2310034024
3443334001
4331430401
1103331111
3233203033
4213304310
3034141101
2444143424
2434401000
2333222023
0401430330
3013224343
4241341200
2232410131
4104440414
3002221202
0304240110
1021340303
2030301133
4023311311
0220030443
4423013301
0210112142
0400313014
1300134440
4344011320
4342140142
2113213002
1314010144
1222310300
0340033302
3340303034
0234130331
1213144020
1214223323
3204001101
2101220241
0130001103
1121443302
1140014433
4101103324
3002011330
0213323001
3320423100
3223303341
3222232203
2013231414
2443100133
3342044331
4122012240
4301011400
1301020342
0214222134
3113124420
2100034302
4443201044
2202004402
4200312321
3344224124
2323224120
2141112223
1112423424
3311424312
4122441014
4400044011
0332102222
4140241242
4140422334
3011213310
3144102143
3202220131
3243010442
1331241021
1433022440
2121021232
0343230220
4403341231
3322332112
3223413400
3113223302
2232142410
1041101124
4212004220
1013210220
2000042323
4411213404
2443304034
0121010414
2031124220
2340032121
1340032044
2034240420
2240444111
4042413420
1321313340
3044200100
3232243411
3332233240
0230010403
1311404211
1323101224
3432214044
4044121212
3412230034
0443300233
3110243101
1134432430
0302112113
2004100412
3401201004
0224244123
1132340311
0004043204
2133023233
2431032030
1031031143
1042004313
1142121402
1220240241
3130400343
0414400130
0404103130
1124423023
4042320224
1003220334
2101144441
4221400324
2242013221
3301143021
2314320110
1431023342
0321424220
4042323120
4300141424
3112143410
0220244312
2443311113
4303213414
1024114042
2342224321
0113244212
4024320144
4013344143
3143333214
0031312402
4043421124
4104443044
1102433232
1133230123
3240423321
1121201423
4010214330
1424301024
1210044312
3432213100
2023004230
0422011313
2410343001
3234043422
2404402304
0032304234
3412203140
2321432203
2133111240
4242110444
4320224432
0214213133
