0131143013
0244414130
1042112320
4303213123
2201100424
2211110310
4424204020
3240100400
2044420023
2424004122
2103103211
4404001043
4024133214
3011210042
3212402124
2434123034
2110024120
4011434333
0032400213
4420024000
1021003131
3103414443
2031130021
2403303111
3141110034
1423302434
2102002234
4141430411
0104013413
0022300130
0022004330
4013413300
3424113403
3202232112
1310123204
1414440031
2043211212
2321403330
1344404422
1320221412
2121044404
2212232401
3041403330
0142004132
0411114443
0433421234
1040342440
4212222010
4001333213
0431333142
0012341030
4113422100
4300000110
1024143432
0313343114
4333104342
0143002140
1134401322
2434232222
4132303142
2044340111
1412421402
0321130341
0002204321
3442233230
4004102102
2340201402
4301002032
2342002142
1313022434
2323122211
4010244304
4231241334
0334030104
4304333434
2401220111
3421120130
1102334432
4141120300
3210231300
4333210331
2413034412
1341002433
3120121203
0204222114
2243223000
0421422320
0012031441
3042213342
2340242033
1042202304
1013303101
0034414003
1341110134
4130241014
4212233423
1331121313
3134121334
4104330123
3112424212
3030340332
0221221112
1110024323
0442204222
4431030011
1234012442
0243443214
0214424034
3003214100
3220414424
2400120143
3433024121
1034333024
3113141333
3002101333
4314310331
0114421022
1031210343
1044211000
3212144433
0203421334
3203110344
1314203422
3434134123
1403034024
4200132141
1342133204
4244030303
2203120323
1104033012
1210134424
1013224141
2404124013
1422024211
3432410340
4143324011
1314321303
4114443302
2233124344
0034204111
1440422142
4340122344
3144212144
1243144241
3413121443
4300430201
4233320002
3411120204
0130322232
3322043032
4122000421
0313202004
3444032000
0132041420
1024414044
4202444134
1311404413
0014033312
2443223203
3120232001
1423203444
1044331412
4421211332
1412200313
4044044101
1243122313
4201321224
0203411343
4411341104
3133002231
4321432123
0100433124
1321142342
3121004304
3304033223
1144410042
0020014034
0240441001
3242333312
2012103302
0032431422
1211421122
3331241134
1403320112
2032323242
2412412104
4234333410
2211314212
2424401124
4321024234
3300243402
2420433421
3041231440
3203424224
1204400334
1011403304
2200130422
2142010430
0432244013
1331314312
