0304040111
3440414334
1334003130
3022433112
2111011023
4404204131
2044443343
2341041312
3120022403
4142333011
0423243220
1120301304
2230134110
0042002311
4121001214
3144314112
4401233312
4311203202
2431100233
4111010201
2212003111
0003202333
0203331430
1134222414
4130432333
2144004422
2421000113
2214310442
1223042203
0422233124
1020300340
3434112423
1042314343
0022442320
0443331222
1022142424
1300324434
4301222340
2103002203
4403210003
0222343203
3343313442
3120420044
1112124434
4124012133
3223341101
3204243131
3023332134
3431033003
1020121010
0223114221
3241312234
2133141444
4314343342
2023324302
3323041140
1010210212
2023021332
0413041322
4403031120
0223001331
4123221004
2022302430
1430402020
2433211132
2210344242
0113300110
1441213411
3123421313
2040112442
0224342232
0022341334
0414132132
2300313313
1411000324
0241143413
2101320032
2421032141
1013042232
4024333013
1213100323
3101120410
0432224111
1430100021
1334034413
3311201131
1443013140
0224200433
1010102000
3114021344
1323043313
3244111400
0323420234
4142033334
1403142230
0243441314
3410434101
1302022102
4132230314
0103241213
2021131044
3034012110
4420040104
0123332423
4110131441
4444304130
2432214042
0432243102
4224413133
0410323044
2213233312
3203310140
1221123143
4434400322
4302444421
3223142012
2040444322
4130013431
2304210244
4041131104
4224224120
3422001222
0303200141
4321313124
4324324311
2430423003
0414342234
4244411033
3221101100
1131233124
1242343142
4402333433
0234404223
0020011303
1234413312
0210112213
2002024013
2432214324
4203123342
2212424221
2303300043
1302211041
3402304311
4404240013
4441433224
0134041230
3123242340
2440441301
3031404104
2014102031
0042124134
4404143232
4141142001
3210000133
2144414122
3212110434
1440402214
4134131212
1030431124
3134104230
2401030444
1212344220
4004312342
3301300343
0431312013
2140033433
4402414002
0230143144
4240124314
1240321334
1133134021
4214241142
2234121140
0110022400
0120213004
2304442124
2211411024
4042431301
3421311032
4100314224
2234402223
3141300441
0333010434
3223143124
4444110402
0042443242
3443114333
4212341442
0321301033
1340242440
0033141232
2342301114
3411323244
3341022241
0430332101
3321123131
4024111422
1022204001
4313144122
0232444021
