0022014340
2432423223
0303003133
4313012401
4334312230
2243314000
4234034313
0204300012
4231043010
0442214043
4122132113
0101031114
4124421104
3433220434
2401330123
1211112210
3041133002
1024023413
1431443313
3301203443
2443411421
3143233340
3200131230
2243332043
2023404124
0303023131
3011003334
3004201412
0302102423
1023214341
1200412101
4133412442
3042240321
1321120420
1311412040
3214140211
2341420123
2242234001
4141331024
4211130231
1440301013
1224101411
1321243131
1131133434
4300411114
2414430143
1034433434
0134320001
2330134041
4012123120
2011402244
3234100120
0202230030
1141400433
4244041103
2304344103
3321331412
1440114404
4024222242
2222434311
1433222033
0412234204
1340001403
1430202400
3431113434
0124010043
4423424432
4022013403
4243403132
0220323013
0233040304
2130312122
3222304122
0121404044
1131433333
3314130233
3332011412
0143343444
4301230123
4313420242
0211440420
0243311403
0003312133
1032242030
1314100102
4100401140
0231301211
0203230124
0324141224
4312114441
1220122323
3104044022
2204404120
2023204142
3033412044
0313443133
2123143444
1231433443
3311142344
3314001241
0410132424
0140404300
0303412012
1141422041
2041234423
3341020210
1413231421
2131401434
0021130202
2230244120
3020323414
3311310312
4023414303
0301114342
3024312121
2330203232
2400400002
4001104034
1423301212
3424342204
0421123434
0404421331
1413401314
2230032421
3124441221
2134220111
0241131022
4204030103
0300102133
2241333132
3420233120
0232420204
4204230010
1003341330
2202202421
3241133003
4422004131
3213342410
0412442203
4431431140
2310421213
1043302442
3313420214
4310232020
3131331420
0211110310
3340434304
1124414402
0334202311
0403443210
1340313243
0022111044
0114010041
3124112131
0413410421
0023323343
0201213342
2431332221
3330001321
1013020410
3131204412
1300340212
2220232444
2012242024
0243004433
2314341013
2304123030
2343233441
0324314042
2211204143
3324131240
3320010042
1231404422
3032323044
2344043312
2400142130
0424420014
1314011102
3020333132
4013310131
0302331233
4141242021
1142313223
0020101133
4231111344
0430343300
4011312033
3220423034
4133104030
4000121334
1234211330
3124332131
0303002411
2344434422
0214124302
3030110443
1444302210
4432241240
1123111044
2232211410
