0234431103
4334113323
3423223120
4040411413
2343022140
0330314220
4014422012
4121211331
4111011044
2134010223
0420143012
1011312321
0104302324
2133322300
4210341412
3303322013
2023121114
0334433111
0020033224
0310110222
1023143434
2304043101
3223322223
4214203311
4141324324
0122220231
3332041034
3122110132
3112013240
3302222431
3342303440
4114412234
4223301223
2020422134
1431141102
2203344433
3222210140
4104404313
0313440443
1002211403
4121012114
4012200341
2104040400
4113311140
3403314422
2423000331
2102334112
1130334304
0321004424
1412344124
2340002111
0021020433
4040403413
3021014234
3224441312
3304012031
2402042141
2141134010
0131344233
0411344432
4032022301
2043202311
4344320143
1134210413
1143410211
1041334122
4300423213
0011211321
4300243000
1144400213
2014033041
0221004410
0441302400
0040131111
1120104224
3033141024
2102133321
4144144032
4013124233
1114322400
0343422300
0124444131
3442314004
1400102323
4214443412
2420022014
2021110331
2114333322
3134212310
3221203110
2414403422
2112333413
3020301243
3332024303
4334124423
2130242314
3231133302
2113312321
2113134121
2103424212
3132040004
1410304002
1120313222
0344313420
3133201010
1224332011
2113020244
4244311342
1314203304
0222031211
3224333233
4230021323
1222204140
1141043223
4430210133
0432133423
3230033433
3024303123
1312243144
2043134210
1033112411
0410113331
4023112204
3232203204
1143424040
0402304032
1322411322
1000242434
4030233431
3322221012
2430340204
1120023243
4144234134
0122232330
3341110401
3112212120
1114144002
2002401330
0343344221
2204024143
0223431023
0440222003
2111313143
1414144110
0234423133
2002230330
2430212403
0403101242
2100124024
0201302214
1121431312
1113011223
4411402004
1030340134
2320323224
3404402123
3124324231
0410143220
3022330424
3112241103
3414440240
1103403423
1214320421
1440403040
3143034423
1403030232
4033402233
3324341304
1304433113
1300140030
0002404014
0442121323
3344321200
4211440120
1114322033
4002412242
2122213022
0323002314
1220304314
4303000041
1442400312
1311331011
3413114420
3404411240
0231140111
4041240231
0221014011
3403113134
3004213221
3421304134
1111041343
0221302401
3301112423
4404133224
3214240334
2411221103
3334331241
4233320143
4442121310
2102422211
