4424343321
0221334343
4221104132
4112320030
2001441020
1411431314
4231110200
1444001402
0333440340
4241141141
2141222043
0021224003
4441430341
2344240213
0433422420
3422104320
1412100004
4421320311
0240420421
2212400443
2110113421
0013133240
1132324042
0020111413
4104331214
4312000001
1023242311
4111014303
3310100010
2241120043
3401202302
3234111402
3140230310
3222331401
2023112140
3044042144
4233240410
2003410043
4404220420
4343024341
4413302202
0422023102
0241003434
3023343134
0110232240
1044124244
0122441243
0041024400
0404124341
1020231232
4243142412
1342313343
1233422041
3001014300
4343000011
1041020343
1221222203
1024330130
4323304021
4430343343
3440114013
4410010431
0110144313
4433323301
0200032140
1440403320
0404323411
3403130440
1042311120
2404342000
0002002143
3044410340
3210412301
2411141213
1321420210
1402134142
2221142013
0133224032
0312011034
2132324000
4013321133
0220124103
1442342233
3104444402
4434441404
3120303140
1312121100
0343202100
4320104132
2131014114
4431011332
3224000310
3421340141
4404303033
4232123241
0343243114
3313221242
1021020213
4221300432
3211200111
2303244220
2120311410
1300204043
1420014322
1320201342
1440120410
3423012034
2242220224
3213002332
4132212320
0234201304
2131234024
1323441334
2440101024
1101104314
1340041342
3103303312
4302400231
3000224424
0032313102
3442020020
4221422241
3210030331
3422213244
0000402301
2121241301
3410320010
2240002203
4314234400
2222134031
2140141210
3321124310
4102100030
4424411210
1203234221
0231214133
0203102424
3111313210
2112142322
2331422404
3433212434
3343403013
0230131234
2142011304
4323203040
3244031342
0311302044
1244322311
4323001321
0133020410
2301424142
2232442040
3242402122
4312124100
1332424101
0340201234
4201304113
2032023044
3410241000
4121314131
2011004433
4340030002
0310123014
0034121302
0114014114
0111034410
3203311123
0432044023
4014204142
2310213334
0313014132
1233321124
0341100120
4132121440
2324232301
2220010410
3310101234
2110442244
2031322244
2131431112
1312403002
4043123344
4314430322
1132414340
2323303241
1044421121
3324031124
3002240241
2131104300
1333044443
0324230133
2013222222
3242334303
3103410404
2031004224
2442343014
0111204244
3223221101
0014402013
0311320343
