0141234233
2103123420
3432312232
3033103103
1021403304
0433422101
0223300112
2302400014
1311120331
3202101401
3321103341
0111243202
2332333300
2214200003
1100000204
1224004230
1324403004
4303432220
3412020014
4130243103
3440012333
4304122411
3331304030
4010220441
4411402004
1333021012
4311210333
1001321442
4300433121
1322444022
3310430014
4214321014
1041440442
0403314331
1314141212
2032030433
1212212233
3004113140
4142102110
1322440310
3004232123
1121401141
3140400002
4034312440
0221233103
0213002212
1110311241
0030100444
2433304014
0400010242
1402413040
1021414021
0441123120
1141131422
3200431001
3423344303
4324343001
0001144304
2114121204
0404423011
4100340314
2131314122
2042034410
4222100400
1044312313
0421421232
2224222420
1004134322
0034431402
1434312110
0034031030
2121023443
3040110042
0042034331
1012204020
1123204234
2101214112
0211213330
4243331202
3320311140
4310001231
2404240302
4210421040
1333401022
1241103324
2240424414
4211101041
2324120313
3204403114
3143341320
2210142023
2344020103
2401030244
3134323422
4200134033
3122014043
2013214442
4144143234
1440403222
3111233011
3414123313
1233324233
3122442221
4034401344
3432232121
1040013404
4341413111
2210210423
3431440210
2242101420
2444142000
2243113241
0433041232
3003142234
4000300030
0214332104
0401132311
0043023112
0011420334
0120144323
4204110021
4322144131
3014302442
0202301403
2012024432
4040141034
3014043240
4323423430
4211223242
1323232344
3140230104
2113340142
3142220140
0131131141
0400342441
0203032412
1344201341
2001221224
2133142432
4213421043
4213030043
2431301332
2234133020
3120321110
1214032023
1013013332
3444234311
3440241133
1231224111
0241341014
3312223202
2112330134
2301114341
1141440012
2202101010
3443244100
2130334212
1421434424
2422203223
4120321013
3414332334
4143114423
3124423441
2014310224
2321204131
3220441041
0143101103
0142311444
4131124420
3403411214
2300433134
0410020014
0113123012
1044104112
0124314423
1324403302
4304321313
4010201021
4323332342
3023403223
2301013100
2442133432
0243100343
4231313233
0143402020
4003432413
1043434404
1442321344
0312413024
4141432303
0112310142
2023243434
4134401320
4112123410
4004222320
3302101333
2413302302
0223222130
0334113114
1430440410
