1242043020
0403411402
3204020243
3240213134
3331243011
3443123014
0301031200
0442221301
2021404224
2012121202
3331314424
3244143324
0101342014
0334141103
4243113333
2034114312
2203414242
2233402432
4200224014
3142202103
2132222100
4002120104
1331041441
0223044131
0344424031
0012314441
2343120314
1234104123
0400313233
3113412311
4302434310
1324410233
4314303232
0414004221
0031344434
0022130104
4210310313
1413410000
2433424321
0033040123
4423104404
1134432402
2200223424
2422324222
4223034410
2021023413
2200422341
4414403401
0434310134
0203243231
0413144144
0020011111
2420022420
4030233234
2014202311
2020224343
2334434231
3211202122
0121334024
1332432431
2434122014
4313211321
2303334240
4222031441
0202421220
1131020014
4033233101
1310214200
0001413221
2404134420
2114340322
2140320404
3243300442
0014132400
1403443324
2204011133
4411130020
2401444313
2440332243
1200312003
2143310333
0433043143
1322110322
0111224331
0304014200
4012032212
3440141312
0444400101
1241132422
0441143103
3201111140
2411302340
1344343124
1301002110
2001043212
0111412002
3304040110
1432321242
4142100102
2032213343
4130120243
4011032014
0130010033
1122221331
1343121101
1001314231
2011430410
2431311032
1432310214
0003434433
0000240012
4210242030
1124323140
0313021001
2011032211
2300303422
3234214231
1321030222
0143013410
3043111302
0343134133
1320144231
2432301233
3424413232
0303230214
2044424232
3241221420
4034430132
1211321401
4023034420
3034040000
1231442044
1224014232
2344233201
0232030214
0423023011
0230232204
4132301434
3334440124
1424121332
4334130101
4431002013
2424213341
2300001033
4023120423
4324202443
4112311424
4102031004
4203302230
0211222004
4201441403
1320203114
0040312334
4311304313
0203342402
3041334444
3202041203
3120201322
2101012130
0331334143
4344021210
2442244000
3013343040
2030004040
3101211142
0321010400
4034324322
3324330031
3231432421
4002140241
1114010121
1204313112
2410143002
0324330112
1104034001
4044142434
0240200112
4002114211
1202104413
0142310401
2300214401
4323420240
3101130331
3301224033
3441300102
0010310133
0141324023
0100041234
1143043341
1343111034
2104110031
3334404404
1141240222
1204233021
3411411314
3041022311
2202112413
1002341203
0201140244
2134133331
