2301204341
2341330021
0401304213
3241220431
2044230314
4422320111
2414101422
3401231323
3120330323
2120234200
2004431132
4121411243
2441410432
1044213311
1034000141
0034211002
2433344444
2443311020
2124414041
3241014203
3014301022
3401233010
1041344312
1113013000
0210334103
3243003234
4132013111
2201414021
0303433300
1041143421
2404420433
4034214313
3412021443
4040214100
1234324310
2214143014
3430010403
1303232214
2141140030
1443011101
0322343143
2312412201
2214324313
2134114012
2403234120
1402221311
0310324212
1000144343
2241340141
4004100421
4020122134
1103003333
1004201024
2443300340
3241014121
4124243004
2332244442
1430031031
2441234242
2312023022
3320110330
4140420000
2220243103
0144112433
3242100113
1331210322
1101402141
3123314140
3101231140
2140322123
0334224210
3123302103
3140413113
2312332204
2332010133
3334421311
4411424141
4302141400
1024312412
2130114313
3113140411
0204000223
4324230142
1004300021
0110143200
0003314423
3231223300
4201143030
4111012130
0412024012
2101424102
1400323333
4213444131
1343014314
3121110242
2333444242
1013222343
0342243021
1324224222
1241123024
0330030333
4444244434
4140034002
0241414113
1120300230
0331221324
3414012012
2222104340
4410402121
4010203332
0141404443
3402301001
0124130312
0214302423
0134323033
2002334123
2103430021
2332313240
4124414120
3440434320
3000412441
1342321000
0030134141
2231332134
3040303232
3024340200
1402030000
2112410403
4310121132
1403003443
2014041330
1223444202
3003321223
2313420132
3014403121
1422344100
2310434244
1223031132
3020043320
1300103231
3432303201
1023413244
4112031303
1433212340
2032200434
2020221001
3300034322
4143413123
0241433320
0211303010
3333330322
3030222442
0040143123
4402220342
0110420324
4311334421
2440041210
1033414314
0302330124
4402304341
2033332440
2303011124
2230320044
4011440324
1334301211
2241211121
4220040024
4313131423
3130002140
2421134201
4312231222
3123240343
1410123143
1003214223
1414034322
0111223134
0403134322
1233300233
2220211142
3222424134
1023144340
0031410041
4204414233
0141100243
2343411041
0101133341
1343132342
0223423133
1401103224
2144340241
4214230300
0210432332
3004420424
3214134422
4340040031
1412134400
2440241113
4102003223
4203420341
0134034224
