2210242111
2441241323
0343302414
0231220212
4303223341
2424111301
2144324411
2443112422
4214334004
1211433311
1103423300
3302302114
2431034440
3220100400
2302022013
4104324111
1242203410
0340211120
4314144444
4244144424
2422431421
2344114130
1430033224
0333143011
1301022404
3414032311
4424401114
2012132210
3121343441
0400011321
4440002230
0311231314
0410240441
1341430402
2441430230
4241133232
3224102412
2324002333
2244332243
1432110310
2222312034
1042211303
2110441202
1204140301
1040434110
1044014043
2244010142
4310040131
4424024130
0134410412
2311100234
3024313033
2204234032
1112220334
4311040342
4044021030
0300443320
4412212210
1431440330
4130101300
3010410013
4404044124
1344404044
1034121202
3124001214
3244032433
0040231341
4330000404
4114422433
3013020130
2111300100
2013044304
1231432024
2042334220
1213412010
2332222040
1432412142
1234222311
4212312012
1431031401
4342341440
3021011324
2114403113
1140124401
0404430312
4333413102
3004130441
4322211100
1214240100
1143333333
1301212214
4003214230
3210131340
1424440333
0120124004
4414104444
3402033044
0314040310
4230003124
1303324204
0311111234
3212040123
3401303200
1132222401
4413103334
1104010000
2034313113
2311332011
4220313143
4112444344
0023114220
1321013313
0440222100
0013331042
2133213013
0004342222
3442302031
1100113131
0120344423
4313103314
1103401112
4422302300
2330424223
1012204210
2440201431
2020111120
4210014333
1341220222
2130033421
4012324344
2002044044
1212134022
3404104010
2323213201
0133023411
2313001302
4040040320
0130221041
0241322430
2033032242
1230302303
1303242114
3131320134
0104030333
2133043203
1323044043
3201301012
4044331341
1203030104
3332400203
4110431143
4130343330
1304110114
4430032213
4313140302
1214030020
0234333430
2124201013
2443041224
1002024232
1404301201
4404203320
0224004122
3034434203
2424233003
1220230331
0031243222
4231014301
3011340020
0224041134
0110430431
4404032402
3330224002
0110214041
3224144444
0230011412
1011310431
3223323443
1130140431
3333433342
2110240340
4113220043
1413231111
4212031133
0431141411
1044120344
2322012122
2344042424
2314142243
1441002101
0430131032
1010130041
0102143404
2430034321
3113404310
2112004224
4044100334
3322222434
4013011404
1122400202
