2240410234
0332121323
1102141101
0124144030
2103320031
4141113441
0033400100
4434142200
2004134131
3141204421
0340112004
1400320334
2312120022
1241102402
3222314203
3120244231
0241411212
4401312020
1113033424
1212302401
2212243444
1444413413
2300131220
2404123011
3134330143
2100303413
3142224002
1323404244
3303322413
0043314423
0211201434
1230304224
0233243330
0020120220
0213233432
2234320233
3142121021
0202402424
4023441334
3400044304
2411421413
1030421234
4030204342
0013201420
2044412212
3102243404
3120212123
3023421121
3241340420
1021114114
0133143203
4333134101
2233000011
0432021410
1224204000
4130412430
2310441302
0321413022
4121323224
3233202404
0242430223
0404422412
3134411233
1410413240
0121244132
4410031034
3304220131
1101033032
2140444330
1314013044
3330133024
3011444233
2142324332
2234420434
1131132201
0211114122
1233314041
0100421132
1120203401
0214223144
1022032110
2122114330
3231231031
3342310043
1112134132
0310330232
0222220231
3303113103
4331000040
0343231142
4003010321
3012302202
0001324242
1331044111
4310110301
1343210240
1320104031
4204130044
0420241022
2001142332
1001201044
2041031204
2141002312
1340241234
2121233122
2244213324
3121210021
3013011023
0204203144
3022233432
2420324021
2414113122
1331233402
4302232210
2002130414
2142330431
1012024214
3330210000
2040044323
2321121234
1114104012
3001003113
2424303423
2114132313
1422422333
0322224443
0442212340
0130100241
1334142334
2340202033
0132120010
0221114332
4421422233
4023033403
2023334013
2402411220
0422223014
4310210311
4013412043
2213343122
2110203342
2224230043
1123324100
4211333214
2402442322
4242333024
3434232232
2410212222
3423110241
3322324111
3104411043
3103111024
2134143200
1441103104
3040044322
0131230301
3133404131
2020330301
0412023413
0414303020
3002243320
3411321001
4434234111
2302321201
3424111340
3111312142
1420024212
3010040330
1341222301
2143234031
1100133420
0411411011
0241300043
0124040100
0334411401
4410300014
0221444314
0241401444
3340223421
1403322300
2443124004
3344401134
0413412233
1310412204
1100110002
3414301202
4132313412
4334433234
1424024442
0041412430
4140321223
0444234412
3002101124
0334441013
2141014233
1204434010
0040430403
2223443302
4012004343
3004222141
