4344433213
0423114121
0104313241
4443112214
0142014433
0301011213
4230042231
1201422020
2020442033
4311241224
0022113021
2111303420
2013114040
0111402021
1441003434
0204203031
2422344212
3200141043
4302133041
2342342202
0030441220
2433234220
4212132043
0332402313
3444424121
3144232410
1343000031
4421403403
4302220133
0344330444
2123300101
2221340320
1200022331
0103232140
3401434244
3232020011
0104403424
4233021444
4210322220
4430001103
4434014101
2420244401
3310423444
0423422300
3042443431
0314142142
3433444012
0301011014
3024230404
0110002041
3121442223
4221202142
4231132300
0343312404
3410313123
0124110231
0014223020
1101020410
2012330322
3234111204
4300234401
2220232141
4204324430
3120020414
4120114112
3332431333
4131014034
1021111002
1332330434
0244301400
2131440403
0441131304
2400421423
2030132002
2332211112
3313043002
1230400233
1013101201
2322042243
1144203443
2240144323
0100023423
1020043340
2410213023
2442320211
3203430304
0440430234
3203143432
4411301241
0103301024
1004244422
4002443001
2041212414
1323023321
4200114101
1430021212
4324224331
1324210112
2134331133
2123100314
2043012420
1332303410
2241033431
4323421344
1223333224
0111343044
2444341224
3021222302
4044311442
1243101222
1143301334
4141232032
1403314033
0222101000
2003410110
0314421340
0321042312
3040440030
2331201130
0342412304
1203304223
4312101143
1013341302
4422112404
1211343204
4401331433
2241124204
1001413212
3140110311
2134431021
3412013033
4132202131
1142303303
0120011223
3344221111
1201001110
3414302444
1022013141
1312332303
3241230221
0000043031
3433114041
3032021223
3241032403
4303143000
3321404014
4343332041
0202122433
2344411143
1344113334
0143433224
0311330312
4244440433
1221403143
4201030114
0032323200
0031414121
3400232324
0201303224
1330330121
3402142314
4302022330
3042213124
4320304340
0421004220
2133343110
3241123432
4001120334
1243421412
3033241013
3123134223
4032410210
1120113123
1124042213
4132444011
2030224410
3122133340
1144240424
1340420403
0244101300
1121130200
2002111231
4120142042
3132243311
3432123314
3224421132
0332322222
1111244323
3100403431
3042103203
0012334120
3220223220
1130201242
3112341441
0233322030
1332434144
1141331401
0410133404
3424040140
1343240302
