3122412130
4234111204
0310023023
4010014323
1022214403
1421102201
3120433232
3423422002
1100133423
3033013422
0343123204
0431223442
1441303210
4231231143
0004040431
3100033203
0010210410
0004130401
2320101323
3144003321
4343231140
1241111313
4122341424
3100142042
2341021100
1120030144
3103403103
3142311441
3034314001
0034001212
3024320334
2224242202
4111431141
1020401411
3234121201
2044021213
0441042114
0240232303
3302110423
4322403343
4111300141
3143242211
1320300132
0432322343
3230224320
2433103131
4330401231
2023411211
1242440102
4043203324
4000243224
4241414431
1404123312
0204013421
0312200232
3241010241
0404311234
1204001030
2113121041
2314133324
2302303412
3303203120
0121242131
3441203342
3320104302
4141032310
2410432430
4223442440
2343223312
2421444343
2303312213
1104002214
2121423202
0031031310
0101320401
0003232403
2424422220
3210022203
1120243243
2301002221
3132130033
3440102013
1124012140
1300044203
4123123003
1224222132
0200434444
2040244240
3433424340
2123312431
3003042230
3423313422
3002331112
4211441202
2203311324
0102320003
2414331000
2023044230
0101300304
2032030133
4232340012
4220244334
1431044034
0004014012
3231340223
2401114404
2112023031
0311214214
0034400001
4030231034
3332224411
1231002024
0410442124
0034214210
0134124113
2232343440
1120410222
4101211033
1044241114
0113113120
3001332431
1230424312
3234334131
1433030312
2411414231
2341040202
2300330104
3412020433
1310230340
1332224240
0000230303
0411301124
2223440222
2432334123
1434420314
1034102000
3400212411
4214412042
1343344223
2433043143
1414340230
4314024022
2434043340
0200101133
4024410210
3000130414
4244200010
4301410014
2100241131
2423234342
3433310211
0233311002
0413134211
1320021110
4231013424
4011433202
3221400330
2430412232
4322114400
4143222032
1140323401
0400010124
2120014130
4040210120
4033132244
4244321442
1302021124
2442302344
4242330241
4404300301
4302144131
3003244420
3131213112
2420031331
0420144120
4303120223
4204214204
3030120234
4112143131
3312110040
1340434423
3233141024
0214213234
0200140022
2230143314
2422123004
4341313132
4233400210
4433232312
3024213402
0240010322
4310301122
1200100402
0111230404
0123232343
1142013103
3304312340
0431244213
2341430114
1223333241
