4401312104
4134421140
3304120323
4404420044
3340312003
3400232301
2122013122
2333233200
0143400421
1243302223
1141344203
4202320121
4412042200
2102241323
3014100203
3114441220
4400300300
1140333011
3140401133
1014232332
3141242122
0043234240
3404413202
0422341114
3134304234
1000414014
0230304322
1403033321
4011123432
2024132132
3001143330
1320100411
3032402024
0404322001
2023241020
3143114322
0434011311
1231223044
0422232014
4402404423
1014120003
3042224020
4010311313
3314132041
0340133234
2321432133
4412423123
1101102344
3314432104
1223234314
1121433431
4240434011
4020233441
4413032040
0032021443
4402032142
0041444121
1223024232
2243144334
0013242130
1234001010
1411434312
2323224003
0202043234
2313140300
3412400240
4412023442
1314043233
3002321202
3130320033
0120010142
3421304102
2114221340
2413314134
1410311112
0131102403
3403043021
1044113230
0331422034
4401413443
2222430031
4341341012
2123244102
1123430004
0214030113
0020412403
2212233140
1341141140
0324332324
1143221213
0120343101
0204241410
0012410220
4044431443
3421011234
3200013142
4330213411
1333222322
0244124413
4213111224
3240240434
4244130131
4434101212
1314133323
1412110110
2333410221
0204030031
0402300203
1331020003
1040121020
2130421032
1234412334
0030432144
1443043442
2012333424
3130403421
2123433100
2010202222
4312430001
1013120243
1311440441
4424224440
4403430210
1124313040
0011413221
0431204433
2324134432
2340003413
3120330224
1344104213
0031000220
0400201232
3240041410
4040202320
0311000114
4111110310
2040424311
3042010002
3021032133
4320002022
4412041121
1122142241
3420110032
3302343024
1100010342
2042024411
3414000131
0033213322
3340144430
1144242103
3320144220
4324312322
2134124301
0440300311
3422320304
3321113210
0441413122
0301112430
2002030340
2233211041
2443201334
3142421323
2200342411
1411440002
2223410203
1420304344
3301143411
3301441344
4232114324
3133342132
0443111232
4334221021
0410200032
0012343001
3024432103
2210222114
4420103033
4331233124
1220231400
3301131100
1244104203
1402003042
2320324412
2222244401
4024343313
4021222204
2133420320
3021303304
4421323320
1003402001
3433310022
1030034012
3304344302
4142344411
4011440114
3423004040
4231221312
3031243130
1414331424
3340304321
