2430332331
2320212043
3130214312
1201132221
4301000131
0403331440
3203012440
0322441200
0441304341
4133431331
3201000024
4221003221
3423144023
1103022431
3101201231
0023122033
1402434411
3111304104
4100111441
0223420201
4433002021
1113201333
2222022233
1420334011
3234110340
1233132004
0033401033
0030424301
4304041024
1242244423
3333202024
0301334201
2031004343
2431114221
4421232131
0214011022
0210024402
4130423202
0224222433
4414001122
0331022241
4402001233
3322334303
4023304340
1313311404
2032242241
0244401100
1004011442
4021341010
2344301133
3423302124
0422120044
4243303001
0001204433
0220423411
2324221422
3130421024
4342431040
1212033101
0433421342
0210322230
3332034021
1430233032
4321102413
2442231401
1122002344
3134421332
4031022113
4412210140
4440301013
3142043114
3312333131
2224341424
2323034142
3343440403
0024303210
2244422413
3202243111
4034323411
3422203010
2224403200
1321044420
1020421022
2121023232
4113313142
2402042221
2221130202
2212333223
1412003131
1242322101
4243120302
1211144231
3131244433
3412122020
4430343330
2443441423
4123022312
3004230010
0224123042
1212234323
4103200023
2300023421
0112114102
0301210140
0311100001
3212303444
4132332023
0414310330
1044224421
3431300202
4304310411
3042032131
3313040034
1202241001
0422304130
2122322343
1422204100
2411403244
0021441030
1313312403
4140430423
3104021323
0144032440
3342122241
1242201244
4033434441
2342220404
3432334300
2404130334
3434143232
4101214304
2404412121
0333413232
1414044122
1311041012
4240033321
3411130010
3221042043
3300224124
0433344303
4121421033
4302143023
1002231312
3210012102
1123110340
4230042021
2211004123
1413002322
2230321013
4120301000
3201304411
0244321414
3000021300
1112330321
3324103013
1033111130
0241220032
4223401240
4032221201
3144232433
3213040443
4213011410
1100240411
0213442122
3344242442
2002414133
4344043121
3432411324
3232330204
4414040244
2044204230
2402230324
4410020104
1212433124
4332214324
1333213133
4410221422
0400133330
0112002442
3211343440
2134033130
3201033110
3010102130
3221413204
1403000421
3224111410
2023422331
3024110244
2020410224
4113301011
4244032144
2300310334
0001412341
2102414404
4430400441
2111434444
1120141330
4014414424
0344044131
2222224100
