0102210330
2230312422
0130301104
1010041221
0421110411
3132220311
4202412210
1212024014
1110221441
1032400202
1111230133
3121430302
4104103310
1234034022
4412400323
3103342342
1112322313
4411031221
0121114330
2244220100
4344113134
1403200123
3411034201
4401403230
4430000403
4120242303
4201430402
3024313222
2423044241
0144333230
2301103302
2343100310
2240411043
0331203331
3302134133
3331411323
2403043221
3223241424
1230233321
0230402113
0242023424
3314012402
1444303204
0242444044
4121320442
3124301223
4134013322
3241143310
3141102203
1424441442
0112433232
0422321231
1140241004
2341124204
2312424121
4000223324
1322111041
4034410011
2224100410
3221341430
0303214322
4300331023
1221444013
3043013143
0411314132
0104102014
1111340313
3432041411
3231441121
0324340233
2124141313
2142021114
2122114222
2110023130
0133224213
2144141001
1100433443
3044412244
2401144231
2132430332
2143222413
3410341020
4441233430
3210032410
1032033103
1011333204
1334032323
0200213223
4411031034
4240342041
3300401103
0113140343
4231410233
2042130322
3433223443
0443442322
0302240313
0342323312
1331343430
2122230142
1332310122
3123424302
3340024141
3202420300
2432324123
1023434433
4012430330
1411040442
3101033443
4403022012
1044144144
3102202223
0230442332
4320241444
2032242304
0224113310
3434412143
1133422041
3223111013
1443323222
3202320202
0413021303
4023420214
1442121230
2141134343
1314103312
4340114224
0210323241
0331110424
2422104223
2211434033
1213313302
4324214421
2034240304
1421243333
1203213341
4212233100
0324402212
3433111224
3333231202
0214242443
4011412020
4141140134
4410420010
4031443303
3121331212
1300044101
3411042002
4210040201
4134224234
4200002242
1232441410
0424214223
4032012044
2232120131
1043131242
4141422400
1100003034
0213441111
2313202023
3000233041
3420030010
2114241403
3113402341
2001420141
3030304402
4020342042
0011021142
2101211411
0111204422
4231441044
1104430213
3230304214
4442042023
1302441041
0404443442
0311123321
4201203140
0222333021
4021232322
3212410144
3024314420
1113413142
3320322142
4121212331
1311044124
3230332041
0012422140
0413431403
2320412330
4124000024
4433040433
2323114111
0032242010
0231404413
3120244101
4040413101
2430140110
1202420103
1123013124
