3231100141
1022444002
0241221143
0132132043
2211424143
0302203214
0034012122
1100300314
2010003131
2104213412
4412311044
2234121344
0043422242
3120444002
1221403131
2120301411
1430103133
1234042330
4140414431
3434430042
2412401313
1300343032
3410423333
0001243342
1030022410
0124203334
0122033300
0103313140
2043103241
1202341102
2234142113
2100143104
3410041141
3412343240
4212112403
2402403120
1212140324
2310324241
3031332420
2102424140
3420232232
3040223022
3324133124
4043224013
0213440044
3120112001
2414014033
4044211213
4440320202
3421412422
2113213223
3434142431
0224031213
4200321102
3111310001
3240423033
1014342444
3021431020
4400112104
2020202241
3421212044
2204302241
0210043411
3203024210
4140000423
4231131114
1234323131
0010402341
3412231332
0332022300
1214030423
2330240114
2212240410
1304131010
2000402013
1024212400
2233311300
0134041103
0233303100
1414330242
0400331114
3131013102
0000222221
0433414343
2332131301
4000310302
2140414042
4412420203
1324023034
1001333034
3243103301
4034334233
1100414004
1421321141
1210224044
3230402143
1244341000
2440040300
1230132412
2210310400
3013031402
2432341422
0242331041
2344233321
3100040041
0331203421
4241033134
2410401342
2333203324
1431102022
2433222033
3412332132
4231113042
4320113010
2433412042
4432120004
1103243234
1240104433
4110022141
2022201404
1343123404
1043402440
1012103401
3200211402
1442300402
1034311324
3202214401
1123321324
0044232100
1222214103
3301424404
2202423301
2214343244
0141413132
3221024104
4103243320
0400202230
3033203132
2343103440
3112101031
2420104134
4323332321
3041013420
4123433224
2312101121
0232023431
0321333423
2041433340
2104440320
2104314044
1422022140
2220203012
0001120034
4402424233
1434324004
0343113321
4213244013
0142033210
0424432130
2030434231
2400412302
4412201213
4141004304
2313301444
0430223122
3233204144
2001033124
1234132140
3400430442
0404011222
2332422414
3141211042
4212443102
1323402431
1334104242
4040434011
3230413414
2320213430
0340321414
0232314430
0421214101
2014230330
0023100223
3223144244
2100033004
1430333433
0124243130
3344242244
2411412020
2221342100
0202033421
4122314334
1331241101
4434411223
3002404103
2311304030
0402300432
2030111210
3002130143
2404023442
