1130240221
2243030201
4314403330
3434113122
2322340432
2022412304
4324120023
3110141340
0023322422
3012424440
1032241141
0421242003
2423222113
4323120133
3323030021
2332241424
1121023224
4130330002
1222020331
0134202002
3314403111
0021242243
2041343242
0401012133
4304404341
2431043440
3400413032
4434104300
4431220202
2321232410
0240301223
1202003432
0402022440
0340343340
3231231131
2212003223
0124044012
4422321114
1031220443
3410100013
3424332343
1022134000
2211301021
1320044002
2331401232
1331201203
4134001220
0034100043
4103443341
0212000131
4042221133
3040103310
0223440014
1032312123
4314003030
1431033404
1424000123
0100043142
3442422023
4020340302
0120402432
4230040101
1304430423
3000423010
3430131334
3210114104
2013330430
2131141301
1111223041
2334010134
3123231404
3401243341
3132312020
1222122302
0214402220
3124222343
2414002411
0014213203
0420441230
4122200443
4241011131
3003042321
2411134131
2314231013
4102444420
4410341343
1241104442
2442432104
3103440242
3123311221
1100113100
0102013221
0311111344
1333123312
2101230132
2343103022
3112323434
2112044222
2401134322
3231014121
0020403242
4441230403
0201214303
3042143021
0130311001
0211203341
4114344442
0412201403
0330044431
3410321031
4232243433
3311231112
0024322342
4241201010
3431022402
1243333142
0244210302
1322433423
1403340332
1413302410
1234124433
0224010303
0013221313
1424432131
1144122402
2144200331
2032304443
0213113441
1414421414
1303221022
1044133210
2331240000
1222201133
4221343231
3402024312
4210403204
0034233103
3114200404
1202100412
1320320332
1423442242
4334211403
4202142243
4333022441
2112002313
4311414203
0002124113
4323001301
0433041432
3441030040
3302223424
3341343430
3433222113
0312142421
3423221413
3131414111
0243122244
4441233122
2424203013
3321333003
4140314243
2242240120
2024333433
2034424323
0220243303
2310312034
4334232211
4042413013
4111011343
0441214022
4412043232
4240210212
0240404120
1144043022
1243413433
0211113404
1143003422
3002210433
0442404024
3334123421
0101302411
1420223221
3101040312
2333313243
2011102023
0043201412
1134310311
2302402304
0134121100
0210212021
4330011210
2233040430
1110101300
2401244412
3401403421
1332300123
3002242001
0210042223
0022122411
4443034414
