4034441412
0131444142
3303412333
2020031010
3321234033
0224142042
2220241130
3222002000
3003120201
0243013211
4343412301
0232101144
3031322314
3123331312
0111414003
3212124443
1124440010
2440112312
3332303211
2013021331
0444411243
1314323203
2030410303
2003100320
1231403410
4120142030
4434012103
3040233140
2123042401
0103322001
4334030101
2401432341
0313402034
4224233234
3000210303
4312013140
1101414204
1320340034
4113411301
0404400341
1322134122
2142044240
2103344422
4000010224
0223320043
3022104032
2244002142
2034232141
4141040033
1243204031
4014232221
1204142320
4130342301
0311233421
1240010224
3210231231
1044433042
2321003220
1312431211
1040131214
3121013042
2401310434
4411001343
3020314201
1231404014
1413443412
4423141230
4322214030
1320012313
0241020424
4122324324
3420423143
0123212312
1431424403
4401131342
0001340400
4030023334
0002341141
4134103211
3131131001
2121401210
3103202013
1411121333
4003124411
0213221421
0122002133
4331323020
0214014304
1222414324
1212122424
1100300123
3142244224
3241203404
3210411043
3203221430
0214323202
4120423434
0201132422
2322011233
0311342424
1013143043
3111444330
2204131124
3224014233
4123424403
3310120113
2101011330
3124213110
4314010120
1000324344
4214121211
2401403133
2400012012
1113023243
3140233213
2031231244
2211331102
1330142204
3012120324
3401012020
0132310200
4000241122
4123432202
2004242011
3330000022
0022013300
4132434011
3012024000
4231324443
3030040403
2101123043
1123141201
0322023031
1104003000
3411412323
0430020141
3110341034
1141132000
3334442242
0404324304
1314220220
3423111410
2213032034
1240401221
3322123144
2042420111
0411122043
0103332404
2421200214
3010120104
0333224124
3244243434
4124312013
3440420424
0313304404
2132210443
3131321340
4230004414
3030244324
2244300312
2212344134
4113022400
1004141422
1442312423
3100310043
0022323421
3203342111
0233041340
4010130311
0144224110
2102402320
0140113203
0002120444
1344304214
1022402011
2134230332
2220123313
4432122012
2314402224
4010120134
1423303041
3123321024
3404010321
3414000334
4414221430
0302114443
1200100311
0030014120
1342042013
1330313211
1011100142
0401030413
1400124142
1230000432
0002134330
2330413443
0424144323
1040414301
3114324100
0141341203
