2033413110
2313021324
0332134112
0411223234
3434314004
4003414404
0412422414
2221323200
2020140323
2224123323
1101101010
4130323423
2144442214
1022420233
2114320004
0030021234
2343400143
1040041002
3033041323
0400314441
1033243401
0133320330
1441013121
0441132013
3133413132
0330010140
0041322123
1141314144
2433220212
2423122020
0310331212
3030000031
2433310433
1332124441
3224301232
4204014021
0202442321
3300430401
2200234143
1233134304
2203442212
4011201423
3424031210
1040234223
1220410101
1101211102
3424104043
3213332211
1442334000
1303004402
0032022224
0022312414
4041434003
1331424121
3004244443
0402413003
1403331041
0332130300
2142431030
2202402043
1030440134
4110124140
4004124221
0002033111
1112040402
4322314402
1302212321
3101123314
3210133140
3410420220
1311110314
2210414033
3002104401
0110421400
3213210003
0044242210
0242213334
3411422340
3314144201
2003223422
4121244134
1432001140
4002010123
0201311304
3224334133
3313111413
3411034332
4340330342
4014103332
0322341011
2314412214
1211432122
2024210100
0013121404
0040111314
0121402442
3441111311
1201103120
3402403121
1114401433
4334430113
2130330243
2423200310
3021001024
3201321214
1201341230
2413133024
2130302242
1201444420
4334144423
0333034141
4142420214
3222033344
0014044023
0424034423
2321230011
1223420231
4120244322
3224442241
0401422102
3324112102
3241412442
2211222312
3000303004
2202344130
2201440202
0432132002
3143442414
4103224220
3040103344
4032420144
4004143432
4043244034
0013310404
1104141132
4413414043
4114023423
3320304140
2023444004
4421124012
3420320311
4222023200
1323310332
4441304410
4332433131
0202403210
0341441334
2401121424
4032034104
3331432401
1144321320
0011223300
3011144220
4414040131
2423110103
4031103130
4431402033
1233411301
2004204312
4100330030
4202114242
0144410001
4134001401
2342440424
1244302023
0132242004
0314320142
3011013110
0104223332
3443234000
2240120110
0214312314
1203013423
2314013422
0312103222
0102411312
1200133341
4432210233
1313312402
3411431011
3233302401
0023310340
1244421000
3304031224
0214124441
4101421301
1321102004
0413211401
2204012034
2044401113
0220110131
2244134314
0001104114
2200440442
4024243020
1324143212
2334242422
0044000102
4224311011
1324123333
