3033431234
3222202334
2421201300
4204444313
4334023224
3343401104
1133204041
0233203331
2300324202
1221424300
4433423244
1130114012
4234104322
1010000224
2203112132
3124400223
3404330430
1242334412
0142121200
4324440112
3442020201
4403044021
2101044123
1013411024
4214002440
0431441424
2443112034
4301232201
2201302221
2130202323
1121142323
0130130314
4222122304
2023443003
0211012101
4044103231
4344111341
1130232242
1230110014
2412324432
2442003202
1442431311
0101332242
4201201213
0414134413
0441010102
4242201334
0311124434
1012030443
4234223304
4432124332
3212110123
1430041300
2101401010
2334222042
2011002100
0321422410
3331000131
3031440203
4401001402
4102212104
0321043113
3130232104
4340210243
2414222314
4043342224
0331010300
1300204123
4023314304
3111413443
4423100313
2332131110
1234343310
0021114323
4331032001
2113202103
0213230040
4112300134
2211433404
1110444034
2031112420
3104313013
3100300002
4144433141
2030141412
4403024201
3134103121
2422232243
2201332103
4310413131
0234024230
0010433244
3321300413
1341011421
0201001140
0244131141
2200004044
3112332042
0211114121
2033422310
4221232000
4441302030
1443424302
2240122132
0133202341
4434000332
3241422323
0304102443
3244040034
4044122012
1221312104
2400300244
4111224244
4223414412
2133431313
1214011204
1223203044
0433442220
3403321221
3421301310
2423344410
0412210432
3124344211
3303332230
3240024302
2214311142
0120421332
0103032012
3013312102
0040001120
1320210411
2000031000
2141343210
2011310000
1342320321
2200442243
1030243204
3421404130
3321022032
0033402432
2143442104
0130120401
3032222202
3332001003
4103223424
4020402321
4340021120
0342102343
2140134410
3210012203
4414222410
3403140222
4311231200
1444031011
3420103134
4401311423
1140140141
1001214414
2441313000
0421122104
1014043401
3140131033
3224223240
1441023213
2010243100
4402334022
4030322432
4033200001
0340310411
4101113404
0434331212
3241124200
1034423201
2221111033
1044043031
0402411341
3303243021
2311112210
0021143141
1400301211
1231013144
2013242343
2340200332
0321032101
3141002334
2233333204
2334322303
4402240433
0411403433
4401343323
0130342130
0040113433
4212422103
1034122201
0213101344
1220222230
3144443423
3022411010
4432312143
1100003410
