0312434000
3220034440
0234424443
4403303111
1303340130
2114134001
0043401234
3114101200
4104123020
1103001314
1130204011
0022124340
3240044332
0033443012
1340111130
2140411104
1212223241
3144004033
2111143344
4430122011
1413304114
2233442012
1122303333
1322334144
2140324103
1110344431
4310311111
4241022304
0132240042
4021114334
3022124024
3001421103
2213014132
2224224042
3002013412
1314431400
0244102014
0340240100
0334331021
2312404433
2000430304
0032243041
4212232212
3204111131
1242123220
0000021410
4140332102
0013213111
4413131032
2431202202
0211224033
0014242032
1400421220
4314103021
1410433220
2310232303
3412012034
1034243313
1134033101
0304132210
2114020041
3024134342
4030133013
4414341234
3142204013
4142440312
3304234143
1212402311
3220204102
4034223232
2103431403
4011144400
1412132214
0021141214
0343104403
2224303240
3212332102
4143214041
4413324211
3014114042
1141240200
0211243100
0313211322
2310404032
4031224134
3411302131
3342421230
4311002310
2204232041
2002210004
0103314142
1023312221
0131021304
0230022303
4102401020
2142340201
0104143120
3434334021
3434022431
1313131034
0343401030
3112101121
1440431133
4432431324
2100234303
0312420332
1233124101
4424223341
2302033023
3404403121
3140001411
0032230234
3444101340
4244140414
0010112323
1310444110
3243420422
4102310124
3014023442
3221232042
0042412243
2201403321
0221122002
0224420304
4322442330
0001031044
0412232242
2100401433
0204330012
4340434041
1022414101
1444031143
3402012234
2423303412
3231303244
2011414341
4433334004
0020144133
1101322030
3033243024
3240323312
2204420222
3304210220
3304403231
2103440331
0423240022
0310302214
1433144233
4041024122
3011333331
0310113310
2410131011
2300404202
1232134131
2000333321
4021011111
4031003423
1120244304
3241204110
1130002231
0101043210
1244221110
0331223213
4213401221
4111444104
2412120311
3201334001
2312244404
4413021101
4013244031
3331442130
1224030403
0444043114
4201020004
4312103211
1424223301
1210433213
2441032340
3204213123
4233341443
3124002431
4423202412
1341403033
4120002342
3402132234
1103112121
0100340440
4303141123
3202433121
0433103201
4233321232
2330214331
3011414211
4214344340
0114212330
0320020024
3444214201
1334032104
2224111140
4411234242
