4320010433
1310010401
2143142002
4311243241
2003343034
4003210132
2043313202
2344102041
4132341110
1401113124
0211433121
3144020413
3234203224
0413244110
2400242314
2021302130
0003033341
2011401000
4142003241
0222113332
4301424232
2120340144
3214433313
3030122402
2120443011
3110402231
3434221211
2312044010
3011210303
3030131123
4103440133
4301431101
3103200140
2103410323
1330430001
3231412003
3113021343
2422224331
0411333333
3031421020
0234010034
4041013313
1401004034
1131432213
0011113100
4343143323
0121200323
1112420022
4040014144
3144200044
1010400223
4324314041
0144241110
4214421204
2002012323
3123021221
3320321202
0301020310
4322310342
2211144122
3434421411
2313114312
4244323431
2444223403
0332201011
2240311201
1242332301
2103112202
0123104043
3414131203
2023023114
1420410213
1413023024
4311014232
1204213320
1244123144
0222413133
0402434400
2111243401
0244141400
0422331033
0313222403
1402341044
4142401000
3330242121
0110212114
2042343221
3443224301
0334024433
1102430312
1430334043
3020304100
4311002101
4412300214
0422204233
1043404304
1412440131
1103143212
0313004424
4000010012
1201300031
4332022044
2312034232
2021432210
0342232303
0442102210
2421341130
1200200141
1242122212
0311104102
3303034243
4341342122
4443211004
2333444213
2330031111
2111010210
4144123413
4433202341
4143340420
2303222334
2413114043
4112104003
0100340143
2202140014
3231422122
2443431210
0141003032
3143043213
0402032423
1144434111
3430241424
0441413043
3334034340
3404231212
4313312144
4314114040
2142104222
4102121313
2130401230
4104023222
0304230414
1224430413
3222331230
1140442424
3000000122
4002313222
0200200240
4223442030
0103322100
0013123031
2022103244
2220031213
3022232144
0014304000
3442200104
3401404244
3221134413
1412202243
4423240130
4413203424
1403312433
4043222034
0404300313
1021242420
0324333320
3120041223
4003300401
4431402143
2444040412
3242413132
3041321332
3113433442
1332100421
3442303312
4401444322
2331413231
3104321123
2023210131
3200133310
2422241301
4403310420
1402143321
4111443420
2012403101
3414042133
3344144331
1341321014
3023143031
4213201421
1130010230
0333220231
0314431422
1104203033
3143412040
0110220012
1430203122
3113210321
3124013123
2440022022
0200331140
