3031324021
4303302341
4034300424
2102103100
3003243110
1310123421
0104430124
0440214330
1123423020
0044423024
4402214014
4213003020
4110433302
1022421201
2003301343
2402433021
4130133103
2222321023
1221434230
0303112243
4321430244
2031111332
1232402441
1333214021
1330030042
1114422240
4110021412
1332332321
1344042223
4333400011
4021432033
3433342312
1030004131
1323030424
3024123123
4131012041
1144133411
1020302000
2204130221
0203040123
0124111013
0133422242
1032443133
4341124013
2220133400
4003042211
1431022421
3302042404
3303140430
3044001342
4034313421
2000300012
2301430144
0022132442
1414144233
0410234144
2331431204
1012431313
3133202021
3421331134
2222414223
3424141444
2411003020
1033100233
4110420340
0000213304
1213313424
4403024321
1002123400
2011301212
0131322214
4224304421
3403100010
4042321303
2211301120
1420240401
1422334241
1122014041
1432003121
2212022131
3212411340
4234423043
2133423233
2440231310
0031232324
3424232140
2001401123
0403341330
4012444412
4113243004
1243212033
0211224043
2022330012
2003300131
2312421103
0344342203
4040001311
3130043230
4022144303
1430011113
3332343443
1323302222
1431222104
0440032300
2200022034
2120234030
2432003023
3102012404
3344310234
2422112112
2033014421
1010134430
4031001214
3204143211
2121303043
1102243131
1214023320
1204012224
3100211044
2323211132
4402101014
0304122114
2213141031
4210323430
4332221103
0314000012
1111303303
0441400011
3102020443
4334100312
2322442121
0110440144
1223334043
0420110220
1123142432
4133203003
0030102440
0140223022
0312400233
2230203203
0231330041
0440010114
4214021233
3044030413
3103340430
1333213020
2110422342
1110210122
1413122010
0202104104
4344102032
1341410203
2203022134
3142303124
3123103223
1113114441
3342234403
3211423102
3011442122
1410213341
1131004241
0000004004
4424341024
2012320143
1340330423
0140334314
3330302132
1444314000
0024134202
4021412343
3341242030
4311340130
4222322043
1104243040
3132204012
1431113012
1004120311
1201002421
3000401034
1321033420
0024232130
4122143011
2022332214
1243424302
1142400443
4243331110
4143001131
2443041114
1423013113
0432211320
1102311230
2420404413
2200412401
3410332243
0034401242
3010143040
0032420023
3121220312
2441331213
4141122443
