3204424421
2043333320
2014441040
3440341100
1044304120
3141201101
1422331323
0310230444
2001303402
4414443122
0420031320
4042301301
0433213320
4221004132
1033002423
4342423433
4334000314
2133424331
4123031211
3422433420
2011130043
1332230031
3111243221
4403000330
0320232322
3012412241
4120440140
2242040124
4421223140
1121312000
4211300211
3230242243
3104022432
3421101244
1130413420
0024230333
0040412114
0240303344
0233023034
4422214303
4101124013
3323214142
4032242241
4004444121
1121303313
1410440340
4314311114
1110311330
3133344212
3402411342
3410222344
4333401413
2244032341
1330213140
3113031314
1102301014
1342223423
0214123142
3003000011
4032231314
0224241144
3203223240
2430021320
2221034113
4322434424
3044230033
0003001314
3430330331
1432223023
0144423433
3203222423
2304303422
3110113400
0011102442
2433230411
3330044140
4231003424
1210200033
0104022003
0220113100
1042042433
1420230022
0304233201
0303323333
3241422243
0321033312
3220004423
2041440122
4034343414
1134234304
2304311303
1314323404
1311421432
1103424322
0143423103
3200113000
1212124024
4324232321
3214010233
3324033233
2413042431
2213320334
4234422404
1323030443
1124113230
1022123341
1023211012
4323332040
3031234023
1334144440
2014311202
1011024013
3303203310
3121112324
3003123020
2401303240
3313101204
3101232010
3134124411
4000333104
0142233044
2434343231
0003114433
3010203112
2024021243
1321220243
1201142231
1404040042
4130033024
2240421232
4334333024
1024101102
1101241033
0422423203
0203421332
0213340103
3202243332
1012222423
4421343101
1312223142
4311143232
0440001224
2314114041
4443103044
0332303111
3400002030
3140321201
2002432024
0224224000
4203342243
1202411043
2200120443
0324314424
3043134042
3132100404
1300204124
1002301111
2200412142
0344244322
2032222100
1021402123
2311022234
4211303332
3333333444
2023121102
2041144300
0044441040
1102334424
0212433220
2400342133
0423130333
4004200214
0230401001
3114443122
0121312022
0242423314
4130142240
0104200301
0402211443
4210233000
4410311312
3343304424
1301212333
1014242132
3202141412
0300013243
0141410210
2424110203
4321110033
2110212231
1130420100
0231441000
2130304123
3420004030
3242012244
4101111313
0210342343
2404000030
2441424120
1342424403
