0411000101
1333431132
3112420301
1332241033
3214400423
0002144430
1111402312
4000030210
1034400211
0344231003
0104003002
1233200114
0130303300
0342143304
1123212142
4443420200
4330443013
4344110144
2340424320
1022130142
4332420123
4423130133
0313120242
3421411430
4402402111
4334103224
3300243413
1230412431
4002424011
4200441244
4103330202
0242430313
4231344200
2224302110
0042141440
1342332333
3200031103
2223422032
0214314312
1244003034
1201411200
0102121121
0040333200
3310024002
4311003143
4111014030
2312204210
2030143201
1203302344
2442134321
2420432313
3223124323
2404331403
3214030412
2431303430
2123040022
3321341141
2014304233
2412030403
2141100412
2423203431
0443222412
4424204202
4201434113
0044410444
1231120041
2001410301
4102323144
3323433241
2040100441
3313440420
3012201320
3043013343
2403041422
2420230244
4440222033
2132041101
2134104141
0343442423
0031434042
0033021442
0044013140
4024334430
1420201110
4432300012
1024003400
2424300221
3122413200
4011042112
3413422001
2203222401
2044123403
4401103143
3313334124
2123341324
4432140312
0000401142
2131414240
2332304401
0413430032
4441330344
3012241100
4143022424
2441430221
0011441211
1312311303
1001012113
2144133020
1201134440
0102201123
4134342233
3201034332
2342001412
3000440043
0402302112
3020100324
4342122100
1120344242
3203010324
1044041333
0220311103
1031140102
1224122300
4413024030
2214023023
3112230244
2200210112
3204334124
0433100133
3432423231
2343313321
2102431414
1232432310
1234031003
2042040111
2222442413
2240302221
1234321134
0004214001
1342044104
4324101044
2041113402
0003234122
4303222121
2102334303
4331342001
4000302131
0310223031
3331202204
1300330433
4323204431
2114221131
1212330032
0320241341
4233312302
3010313120
2223321122
2324243201
4121123314
4304224222
1311424312
2313000411
3103434404
2201223001
3113332121
4430242012
3410132244
3034321231
2301001113
0422033310
0314402204
4434440034
1304224022
1213223132
3313022423
1103000314
3441443042
4104314143
1244222201
0130242023
1020304210
2313203243
4114313424
0444112204
1113121442
0120103324
0134304102
3142343102
1410014442
3302344132
0243143432
0034322042
1414124022
4243201413
4433302311
2141231014
2402421210
2103322220
0342142003
2310423211
