2334004101
3201140203
1344100113
1343130413
1432112440
1021132412
0123400434
0030244312
0134034100
0424433234
2121210214
1300104233
0002122400
1034401000
0002334412
1132003124
1300333204
1203101103
0034424233
3134232304
2220411024
2034131432
3042204441
2132442144
3440334234
1231423114
3041404141
4432001411
1102130423
2110010041
2214314030
4343042144
3414104302
1322203233
0411031333
1111421042
2240312012
0423232402
4143122331
1441440014
1113442344
3214304412
2433421402
3324442210
4043000412
3301331121
3304402304
1301031303
1340021004
4434321101
4222433103
0323400020
2310442422
0234121133
0041100412
2211313032
1432232043
1323304003
3113320103
2013212144
0421330441
1013331444
3240101244
1012131333
3143034421
2102343304
1202144112
4021142214
3121034313
3113103420
4303213134
4042020000
3414003301
4201313411
3143022240
0011000230
2041432424
4132140304
1003330403
0212103121
0242401313
1131314012
3234404412
2042424131
0231232002
2303002401
3323410331
3104321401
4324231334
0304013200
2021104443
1112134022
2021044300
1102321104
0014123212
1023433120
3222134221
4012324411
2241101131
0020002302
1022110330
1124310344
0232204010
0021120424
2043214103
3004020423
3123410430
2012142222
4120320421
0113333140
3321423424
3340323434
4023031121
3134313113
3203333203
1041204311
4332200002
1202342232
1423423140
1012130033
0444311100
0313120310
4011223202
4013203412
4040103141
2001111012
2033031442
2310302002
0114103434
1344322203
4414312222
4222121204
4341232233
0032333303
1220434223
3311004023
0314144243
2443001202
4243413112
1242142001
3123413433
2330024433
1023014112
0311100022
0023300220
1144043132
1124300210
2442312443
0344433323
1421413144
3141204020
3241332413
1134210444
2223023443
2432110042
1201110304
1103204402
3423044414
4313332203
1044140103
4430243434
1044022114
2220143023
3231241311
0122002111
1020102013
4204433013
1442342244
4202010021
0044310214
4333002414
0200414112
0403030244
2240414240
3030143104
4402412423
3401110144
3000131414
1301311121
4002322021
3143223344
4101434011
4303144142
4333133430
4311003100
0000041434
4141414132
2000140441
1202222011
2413403040
1224120401
3443111031
2331001211
0401244410
3202404311
2043232121
4103322243
2213341120
0122332102
2144141134
