4344033323
3031402201
2221203434
1212324130
3312104302
4343140140
0212111200
4203243334
4114224214
3133100003
2011132211
2024320422
3211343204
0120103300
0342323422
2321233133
2024014223
1143010412
4400210133
3030032302
1024342342
2131443324
0421010143
3432412422
2232442110
1223423100
0001033313
1112420312
1212101222
0322414113
2342140330
1133404130
1243220022
2112013104
0441411422
0410221044
2242303422
1432021212
1210023112
2443204301
1431123232
2340001024
0000011234
0431342302
3303410223
3322101344
0020034334
1220023201
3312044003
3401000413
3424212141
2233143312
2220142332
1121441244
3302430444
1002403120
1231110012
0302334200
1233424144
4422044412
0014433414
4211320401
0300134401
1301121121
3323423103
1313322321
2200023413
4402300441
1033134334
4241022302
0200403220
0334430030
0140122243
4014341002
0430401211
1014113244
0211124230
2201220334
1214044401
2144113323
3121334013
1303311332
3232434213
0202212041
4102124312
1311314000
2111432343
2202110312
3122340203
4021023142
2100241030
3013040324
1012232420
4432010123
2120421143
0122340022
4303104412
4040144101
3030133300
4444033032
0433234301
1434233310
1222104334
4443300301
0213232224
0240121440
1143410024
2310224121
0013201103
0043003442
0244222334
0210224000
2334444040
4122030330
0324220041
4211241102
1300102300
2311412101
0112324333
4432330111
0011344401
1344412131
3443223031
3232333421
2233123442
0303210304
0422213440
1304301401
0100423143
2012111422
2141402241
3433410343
1132111413
2342420031
1343120240
3413330114
1000143120
4022200110
2313023203
1134131024
1234430040
4143304232
2023321110
2232324323
4024334131
0433143022
0003422434
1000124004
2241444234
0123031341
2422304040
0344112122
2412210311
1312141342
1132221331
3403143241
2011232142
3243442043
1220103341
4244014411
3444023403
4111431200
3321340002
1121410143
3101304223
4100214410
1443210122
2010230201
3413122341
3140421042
2233340010
3312332410
2014322234
3310011024
1143344444
1213113043
3433323010
1013423013
4422024320
0102303034
4122422131
2114244130
4322014202
3321024312
1424010322
0444131213
3022324302
2441024410
2410221304
4100322213
1334401312
0300120312
3441323420
0440414100
3114423230
1124020021
1230123240
4230144001
0143320202
2140104201
