1243033100
1300324001
3043001313
2021212200
0212204303
1440333200
4022420204
3020413004
0431300330
3232220342
2204114200
3142132003
2012134214
3140112404
1422214033
0220203222
4140321243
4214224310
2123414122
0203043313
2311442131
2111114020
1421100213
2333240041
3223410442
0042303303
2014421334
2013040140
3222133302
2012414440
0240012322
4443144411
2411024330
4040023232
2220040314
0002440331
1241122340
2342342002
2341434011
1302013430
3314344313
0333221143
0402300013
2102143113
2014423142
4130220432
4304022342
2104421401
4220132031
2132401303
1323341211
3334100231
3121442331
1244400111
0430030413
1213113420
0322212432
0014024222
0443303143
2142113223
1430040003
1224101300
3310312124
1301402002
4340021001
3244224102
4224213311
2233220220
0133102222
0343130133
0004301344
0102443223
4240043033
2010144422
4233030410
1030124222
1032422444
2221223432
0123112232
4241134421
1331441014
0241404101
0321242443
1103124313
0400341041
1324100142
1124201122
0022134240
2401424322
3332003203
2121144033
2002131201
0303133013
1323330404
1403222130
4000402432
2201330140
1023232011
4422333324
0131234223
1043332322
2411440021
1113220441
4313410042
2334010240
4233021343
0143202123
3242312244
1242202240
3424213102
3332230044
0110113103
4212322324
1130204423
3340412142
3301404212
2443430444
3411024234
1432140413
2300424030
4342114223
1130422302
2013242223
3201300310
4002133432
3411301030
4404034332
2001103013
0420230120
3312131413
4033000242
0122204203
4212131132
4321203313
4310402200
0140414404
2441011034
2122124112
4444320234
2401441300
4441034211
0143423223
4200232011
2332333021
3320434013
1400134034
0134410001
2420331413
1200330343
4304243101
0201041314
4041022123
2223201414
4212002040
1440411424
4004110000
2444324332
4210210442
4112134300
2031302141
2414404413
4230211330
2200301441
3213112312
2410022321
3311400000
2333242414
1404144003
3002333341
1114333232
4131202402
0231322334
0042232123
4021341304
4314314212
3113210413
0311231302
4314014443
1231242024
2001033402
0312203423
1310042322
1320201241
3142430304
1212401141
3003130203
4204130303
2130442434
0103301323
4314344331
4134132341
2300030031
4000130433
4142410203
0210332423
3210214101
4133231140
1404033313
3134341342
3233444343
