1131431133
4403444014
2024221444
1212414312
1310333431
3241220243
2024231410
4121141202
1001011444
0304431024
4311230442
3114402224
1302242413
1044211132
3312040213
1344103130
4341334212
1410031011
1312014333
1311340323
3322002222
0224110212
4421022330
4314044110
4321020131
0323412222
0342130014
3440323103
0344021130
1311302322
2203321000
1243302124
1421204134
2424223424
0432002143
2122102232
1042003341
1041202213
4411304131
0342314210
3331303423
0142033224
3213220203
2100314412
4102034020
1024022244
0122002433
0343320103
2420321202
2340030301
4312223444
1243232113
0400404132
4003442442
1201314233
0434413330
1013223012
4132044143
2104241024
1024320012
2311314121
2011024433
1102332320
3213232341
0243414204
3310332224
0134343444
4304103114
3442421140
3433134012
2130110143
2203202400
3303410224
3042233020
4212420032
1013322214
0012412220
4304404142
4441402024
0444010110
1434314204
4334424100
4104213004
1322042414
3304424243
2403322334
1043043143
0240001431
2243222222
2314244114
2334101422
0101231121
3004242103
4442231323
1130012124
0403334303
0002123220
1220224322
0004441233
4001020434
1434043300
4114242012
3302021201
4231040224
4232341231
1143320041
4411303401
2334233302
4412240410
3120112411
0113023001
3021332124
1024030044
4233001300
1134331302
1102211004
2233102122
3232304132
1104010332
4201300442
4011333220
1010341303
4410210101
4324021142
1034301132
2301203132
3012431311
1043443010
2202210404
3432230440
0320133400
0431200044
3202320214
4331321031
3140231202
2113114243
1102124003
0302104131
1341300404
0101144102
2123211444
1041320123
2112422032
2413424232
1334002420
2422322304
4424331002
4441100322
1322303040
0404123333
0420243314
1441044133
0301220041
3112441232
4213221014
1244320310
3133234121
0233044210
3211140111
3312140240
4110230413
1030420412
3030104401
3424332140
3432011224
4324104013
2114202214
1341120143
4212134300
2332421104
4442300412
3301441134
3014342441
2114204340
3312343431
2300244033
3200104333
3402423433
2401022322
2132221011
2401410131
4033201302
3343300422
2241021030
2110204412
4414330441
1402302234
0123314341
1021443004
1120122024
3042322201
0400004000
3213213424
4230201423
4230332322
2342122103
2013100221
1232022321
0424122034
4231342304
