0441233100
0110401334
1240000023
1042333121
4344231343
4313423333
3340101403
1114122220
1311330423
2010133312
4003232413
0203343000
3241102321
1444012334
0042140121
0420410241
0344003014
2424014221
3201340230
4003423214
0023211112
0241034122
1343321340
1312304130
2140312232
3342230013
1301433010
3431222103
2321311333
2043014404
4201033011
4103140344
1314101404
4100100331
1124030014
2112221331
3034213243
3010013100
0140324112
1233140102
4203320010
0014403300
3033044004
0414112020
3434324342
4312041321
3441133033
4411413224
3322031240
3122031003
4120202323
3402431444
0441310034
0112110214
4142411023
3323303132
1424443431
3232400424
2002241402
4341311421
3042202433
1100401304
0010240103
4111113033
1034032441
3242000301
2120211411
1102433132
0144104141
0112240241
3343320240
4431312430
3210043441
0330104332
4303203401
4102322232
2142222020
4341400132
2314101240
1411310001
0001104400
4041130421
4041320223
3444400104
3242312422
4322143222
3323202012
0142044243
4140301041
2424001341
3013002434
1101032111
1143411134
1122042242
3113012240
3103142411
4112321234
4423114234
0001401432
4043110214
2124402430
2132011012
4113111242
0032214341
3132432213
2042212034
1100211401
1030201011
1244443124
0340230331
4120000130
4242012321
2422232020
1241241220
1212041424
2430211334
4423442022
0202332033
0013212201
0412143231
2312143434
2132240113
0012243314
0211131102
3110421212
0402121321
0203123320
4430424134
0410044041
2134212410
0324401344
3004441113
2241302231
1324401141
3134000444
1123302101
1202123122
4213122300
3220300143
2111220241
0131333423
4134444130
1302410101
2313130412
2141402303
3043244004
0233141114
0104404423
0003230121
1234200242
1233240421
0112024142
1334213342
2101031242
1332230204
4414441312
1210320200
4304000011
3143242224
0000124443
2422443423
2430043033
1110124143
1434223244
2100342114
3004441042
2102233241
4344001443
0322222442
4344432444
1033040024
0014142143
3430003144
1004004001
3231001202
0031144411
0012044201
4402124124
1224112413
0124323334
4214130113
4430203131
2013334112
0234210013
0042102234
1041423011
3434030334
4340033230
4020310011
4122014213
1202430442
1402304112
2343032302
3013302310
1402242102
2401130420
4210333224
3432230102
3122441420
4104120012
