3323011433
3420222343
3403222434
3211102122
2104003041
2221102410
4204210243
4011104343
3413240143
0434012320
0431414132
2421444333
1000314303
4122030212
4334222041
3043324041
2223123234
4133304410
2012034224
2414442124
4413034111
0414330442
4330400104
4104441342
1431023441
3101044130
3303001214
0434203320
0344034443
0421110112
1030133413
1104141434
2413232342
4343413121
0433000424
4423200134
4341101230
2214104011
2023023234
3043423342
0300404133
4011212224
0112103204
0132214124
1303123000
4030324441
4230343132
3401042000
3033411310
3034222030
2213142343
3222433401
2022130343
0442113103
3242334121
2213223342
0000203044
1310000040
2300313201
1302230044
4104004320
3003014213
3124431443
1304230211
3102214013
1100302131
4323442340
0231104301
0220322332
3132001003
2034223404
2442423313
3022113433
3341234141
2013334300
1241002323
2223040310
2222432234
3123312002
4442212033
3243341424
2422030224
0333244310
4104204110
0001003310
1434220420
4323334120
1000430324
4132000304
3212140212
2411344224
2432344341
0133432212
0303002410
3114434342
3324300424
4121101423
0121330043
4303421023
2131232032
0031223443
4321331030
2301444320
4124141103
2331020203
1233030023
3300130142
0433044123
3003024320
3314420030
0313443113
1044334214
3323423030
4340122124
2000143231
2032332311
2142214421
0422021203
4443324422
4413042104
1421111224
3043240314
3111334304
3300040300
3303223130
4141310104
4332232442
4011211442
3401203433
3342042304
3440241234
3022422122
3243404241
3204413301
2243400433
4134411310
4321402142
3320414321
3330204241
3230133241
0012233202
1244302013
3042310422
2220332300
2301424344
1304143022
4343203033
1432000323
0403414423
1222140102
4433423311
3403001332
0044214241
0134223121
2301300234
4032334423
3100031022
0324200333
3341432133
3030144321
0230134204
4323301011
0310101241
0232111013
4340414003
1304130410
3241311043
1010333241
2302043000
1331444404
2142130303
3412432101
4002210034
2031140424
0440443431
0124432332
3443332433
2202401312
3114424312
4313440331
3110040132
3320202032
0130224102
4112141023
2044302311
3022100102
4302224442
1422433432
0003001121
2112422331
1120204024
0014200223
3204130002
1043042142
0331321032
0013120430
0134140142
2323404214
3412321423
2430210344
