2421020212
0114430233
3111322440
0124242142
2021124444
2440010314
0411143433
3300430114
4431402000
4132444204
4343413443
0311301444
0311230023
0414142340
0134010001
4430424444
4023021313
4432234040
1330101012
3241312424
0022041214
3030312131
2134120202
2334240134
3020234022
4402343444
0331013040
1011004102
4034430344
1122440114
1201443001
0034221320
4342400023
3110144021
4000022332
3011334043
2143330241
3431140002
3433442004
3010202041
0231434124
4300411124
1001043041
4310433311
0002134144
4243040312
3301012211
1242134010
2403413042
2224302321
4311002412
3300404342
3314230200
1343010333
1001240333
3423101044
4141333340
4330121320
4440444302
2102330443
0443343342
3441113443
0234103022
0022424220
2320123224
0214224201
3331322134
4103002344
1342033113
3002104030
2313102143
0021104232
4110233040
0003020344
1143020113
3443313131
2343441131
4421403341
2442323443
1411304030
4410413241
0021031430
3302344101
1203034411
0220043411
2414023324
1024421111
3400122143
0122110431
1320313442
1303222300
4032331030
4432222113
1432403402
1002200430
4113121004
4402303303
2033131323
3020013301
3131230331
4033224101
3421312313
4134004330
1441133210
2313304133
3122413210
2034422010
2200023300
1411013324
1432241311
2434014314
4222031432
1111120242
1300334002
2201104304
0404213103
4030422101
1114132331
0022434223
0423311244
0012244120
2420022121
4334434422
3311120200
3140043041
2212241042
0432100201
2110111301
0102433303
0314110010
4344144410
2033343211
4131323314
3440003242
3231003030
2204103143
0134114134
1142044210
1421104041
4142021044
2024420424
3410302411
0322144011
4203040401
1120341031
2313403101
2200303424
4312200214
1331323324
2221431234
4413401043
1440121431
3300223032
2003124342
1434003011
4124231143
3432242134
1224230422
0222011043
0434140431
0044344333
2303440130
2144022030
1030043420
0431242423
0131221244
3314233421
4342221223
3422204204
4143430410
3222302132
4110330143
4414324042
3201143433
1344321222
2411103040
1042102233
2104231040
3333221122
4300414442
3403221004
2031012020
2123012022
3344412243
2311112322
4441000011
4020102131
1032430010
3314404013
2330404131
3343232422
0414202322
4431303244
4302240104
0314141410
4133322212
3213223204
2200210134
2303222234
3311211233
