0012204021
1212420023
2432004020
0320244132
2442432341
3431233032
1032242233
0122143214
4100014313
4344301001
0001002232
2002113414
3230420440
2140432100
2002000434
0132122421
0231302344
4123031314
3422024322
4013034214
0040414242
3440134201
4421210211
2424133011
3112241114
2301003334
4422440043
4311023144
2043234310
3040140022
4040344232
0421010301
2030044413
3211432240
4113210142
4303221413
2314013341
2243440031
1241030403
2333344022
1243410201
1302033113
3122104420
3413040303
4310120021
4120342423
2420030143
1030132034
3322200302
2110101404
2324412123
0344440242
4220311341
4034024431
4131332201
0141010212
2322040421
0024224243
4440310020
3121111304
2214042122
3422140313
0133044104
0332213133
2203131322
0141040321
2322212434
2401434321
2042101104
2221001324
2131222424
3421333004
1401430144
2044013204
2321121103
2310224101
0111103121
1342130204
1311412300
0312104231
4024211320
3223111402
0104401201
3402310044
1403403330
0041322131
4121143304
1341333233
1404401200
2304221321
0304121323
2340040130
4313014411
1134030430
2043212240
2231013201
2200204303
4120101314
4334024044
2204132203
4113033433
3243212224
0410214300
4212412310
4214003012
4342112203
4213312231
1332144121
1443403424
1001031430
0112013322
2322104441
0344040104
4123043442
1031002231
4004343100
2341003010
4434124444
4341144021
2432024120
3414014212
4130101332
1301113042
1442144000
2010311234
0330102443
0021314001
0424014140
3143201113
1313233301
2220014000
1430303334
3134302344
2240230003
2132340441
0014312243
0311143423
4321330430
2341441112
4343441312
1110424022
1312331033
2104204202
2200243110
2010432200
0030312134
1030322341
0332334212
4032432134
3123030422
4034420224
1220242404
2030130230
3311310411
1200021203
1140103102
2320244340
2004043232
2022144014
3111104210
4030010120
2321320230
0100130442
3430434230
3142144321
0103234113
1214113310
4241012312
1413400241
1030120100
2334432111
3012142211
1344040443
2213204140
2111210022
3423403134
1220430303
4214223234
4231330241
4233433003
3432130211
0423111110
3104031402
3134023442
0232440101
2102442133
4100134223
3011120203
2303300134
3334242030
3312043020
1002142220
1442322102
4420330110
1013423111
3302303434
1224044420
0404241210
2342433103
0440322232
