2402443221
1110000032
3202043243
4241430241
0344134414
2133043433
0334010212
2312300134
3040443420
1331010012
2432214240
2143240114
3241233201
1130321133
2344111230
2224002220
1022002310
3341240420
1134421012
1030013431
3032330020
0431333124
3301212400
0122123344
0002232414
3102004000
2441221110
1123424040
3410433243
1101013232
1020440341
3140113241
1401214244
3401204043
0221034304
1440410410
4023140422
4312101321
1430412231
0211444023
1012311001
0133013322
1304403300
3102434042
1102340113
3314414202
3001013443
3144011432
1322440142
2213410002
1434201423
3230114120
1102212223
2220304401
3044304343
2032402444
4401103413
2140033324
3111333124
0312233101
1032024111
4243112321
4311320411
3244002424
2332422320
2433424244
2132341224
4340303443
4122244331
0333323441
2202313232
2332101314
1334334414
0000411130
3124034212
1320241302
1402432040
2241313111
3124412423
4032243104
3042041121
3134322001
3040011140
1201240202
3313041441
3100120144
4444300443
0223120243
0423241244
3244100412
1230310332
3103214212
4112141004
2423410002
2412004434
4314322201
0124342041
2002133200
3142324044
3403143412
3223402013
4312342024
1034330111
4212042033
2434323312
2011021444
3414434404
3021323421
2040224410
3331303321
4400033020
3320223243
1400141244
2341203421
1102024040
1341324230
2234430431
0233201220
2033010201
4030143041
1113101322
0224244021
3343022220
2423230010
2043440330
1300031012
3011042034
0331400421
0003103443
2000332224
3230441430
4341012424
2201212422
1424430320
1321322103
0211420304
1244113301
4023010034
2320024214
0010310213
3030423402
3413124243
1241323403
4131113100
2244420232
4410110323
0142241211
4240421413
4121143314
2344102401
3120320233
4213433424
4022241434
4041002414
0121200222
2410032104
1221440011
1110304024
4344014010
2431133114
0410310203
0431202423
3104342314
1303422203
1010333303
3130343110
3200030431
3211222130
1242224422
0401423142
0204330020
0220443111
4324043312
2212014402
1231002201
3041143014
0000231032
4210334321
0243324344
1234422313
0341410131
0021314211
2024121321
2114210443
1203242420
1322204240
1303400311
1042202102
2212440320
1444423132
1341311324
4024031043
4311331132
0210011204
2000332211
2331231334
2041001210
2243223402
2440012443
3434011323
