0214402104
3331121010
2413322004
3202042123
2302113144
2230431421
2123012134
4203002013
1040304424
3102313413
2103321041
0130244011
2400234144
4441312012
1003414010
1011230414
4101211232
2100043204
0221120442
4443122002
3112413432
2033103014
3340334000
4211344110
4143213400
2332311213
3010410212
1400010424
3303314341
3210234111
0130221044
0311323410
3403010233
3441114041
0433313103
1143201113
3210312344
2203221002
4044142344
2412343403
0241032002
4444131043
2432234001
1324234401
2444023010
0104134033
1410303013
3313212112
4321020301
3440000324
3131141100
4301134212
1340413244
4141032403
0323201334
0130144441
1323320411
1441402244
0231042141
2004023121
4144420413
4113110233
4103010431
4331211430
0433041212
3333402344
1432021424
0300343223
3440233100
3114342130
0133230330
2000413434
0422143243
4244424024
3031442034
0032404340
0344102310
1142222202
2344422424
0141131134
4033001001
1100002414
0230000312
4134324211
2141132320
4012202310
4400110301
3401244214
4401342300
3002241414
0024310101
3111111042
0221243311
2143012232
0130122100
2032101303
0223403244
4140024330
4210332343
2012012311
0242344243
0021330024
4332202324
0413322031
3432342444
4224341222
3402201344
0022441344
1410113204
4231042330
4342242202
4414012322
4421010241
0414020114
3414140222
2324144304
0243234010
4243023443
0023222213
1124123010
3412412001
0411040320
4044420104
4041022112
0240032333
2300340122
4131141111
0303112302
2043113304
2214431312
3132200311
3240423400
4044431004
1111403023
4002243344
0432204421
2220210332
0130002424
2330334002
4001130224
0042304414
2221424400
3132133223
3202241040
2043112012
1303020434
4304132120
4431300442
0240214343
3041333240
1002420040
3404131412
2441023301
0032114321
1221331040
2204020140
0100033130
4130130223
2241104444
2104042420
4300230411
4103432430
3024400333
1224324043
2000403340
0031134023
1120040210
3414340211
1344300203
1024122133
0444231122
0301342042
4343422410
4104342102
1332141303
2411142011
1412443430
0203134201
3232220210
0420232314
3031311432
0321031333
1401343114
0441331242
3312411413
0002323341
1402343021
2323203122
1032124400
2012212033
2302413412
2122203222
1314112441
4141332224
0233011124
3041142334
0241333200
0211102421
4131124141
1430114421
