4431422114
4021032434
0314320103
4142312103
3314204133
2323303120
3433034032
1300234210
4200002440
2242340022
4311403044
2000314000
1401202344
2442304122
3232041021
0421032103
3202203221
1202242433
1402011310
2130434223
4220232310
3410031420
2033422014
0330122301
1012120314
0133023312
1430132103
3433301421
1244240222
2442031111
3200312410
2233121200
2034244333
1120000111
4144333234
4211421044
2304313023
2302134302
3333003231
0033042330
0303221441
1212301403
0144322214
3010142221
2403011234
2244110031
0400330343
3140144401
2111100221
4113432422
1021122444
0334220404
1220301124
1402400340
1132431230
2032321234
1134220120
3344013221
1013013110
1132330433
3041210120
2413102202
2101244224
3111011402
2010131331
4330030041
0434324221
3104312132
1121014244
1012002000
3031220102
4214012140
4241021430
2142431411
4411200401
0403024221
1024322212
4320340311
0323323341
0104420441
1222012211
4433030043
2321443031
1430030320
3411132243
4033244024
3123133244
1124023430
3102434322
1323222244
4441421340
0032143220
0123112044
4044432021
1043332234
3040004032
0404400032
2111421302
2003011114
0104000202
0324240312
1130321343
1124011033
4344400313
1424012034
3030111414
2442030231
2243040112
4101143401
0322204133
2214314021
0212132202
2004040144
3344121312
4334402014
1214232210
3410224302
4221442013
3404033003
4434401113
3311140013
0212323011
1202103410
4032000422
4324231142
0314400011
0341344421
2412424223
3413303240
1410432303
1032334203
2113140121
0213241231
4334013401
0314443433
1411442134
0444431433
1123140204
4423013222
4131214420
4042220041
2400012124
4120013200
2044341330
1400043111
1331030232
4410101342
4424312431
2343134102
3114220420
4024422301
0003211304
1313443102
1031224330
4042120012
4414101203
3221112040
1014040103
3123022321
1111012032
4003410211
4420040340
2032104040
2213112000
4131401041
1230444434
1303324120
0033303344
0414430442
2104441102
2033003320
1143211130
4441221202
0210140132
0343232402
0333403230
0004041133
3134244012
3140310331
1224423420
1441323334
3043330023
3200143003
3013111031
3023300222
4104013022
1242032340
2011311441
2010333304
0444320143
1313432300
2403343100
3010122202
1122112210
0143423324
2213130442
0143401211
0242301142
0443421212
2422220114
