4131004403
1133143140
1421444013
2312403343
3323142043
4023140022
0434440041
4102001302
2204323112
3200421320
1110222033
4234243023
1014343242
2131324102
2324402012
0310210010
3013103214
2043433112
0044340201
1334323303
4114403323
0334342011
0122202012
3441122112
3314044112
2103221321
2240244013
2220001043
0220111312
0424133120
4212422011
1310343131
0132101224
3444133334
4121120133
1141110332
4244304022
1414130232
2312013032
4113332030
2041014224
4031141114
4343422200
0343244342
0102101044
3231430140
0244413021
2312042322
4211021343
0102024402
2022412334
4420142024
2404321121
4420234012
1141204123
2033000120
2200040114
1002101404
1000233341
3204420402
2104120004
3303001304
1004221024
3243122444
0414440414
3104334443
1244332102
4114414444
4244222121
4310402242
0232131212
0320140312
3114312123
2241031114
0330332114
0311412142
0424232142
2120202203
1244021033
2410202101
2111441443
0133134404
3324211312
3203033433
3212214243
1003300220
0100211442
4024041313
4432234143
0300402343
1222311104
2221440432
2310211410
3213312012
2300022342
3130332443
1333012413
2120342120
0114234034
0340200014
1231024001
1000010202
3310132000
3223031143
0213023322
0234324122
2031412442
3431443220
2304244131
3131030142
3114133110
2020300211
4200110040
4333032324
0434124133
1144123314
4103113211
3434403022
0102340434
2342324241
2030310121
4140320314
4314043124
4321343042
2242440111
2042310400
2430123121
0240442224
0221111411
4040332404
2113131013
3132031103
4204440033
2403141031
1131004321
3442223331
0230010110
3221430101
0242223012
1344221304
3432422111
3222324133
1304201410
0302222422
2241030124
4242023021
3411140342
0411331302
4212220401
0003231004
1331014013
2141102041
0234004410
2041114443
2011311134
2011300344
4014202442
0310011123
1024032120
4441423240
4231202323
4441031441
0002344021
2020014424
1134231104
3111000133
4130334112
0401404331
4441104420
2411043034
3414022343
1113141044
2202432202
4102442222
0130234112
3223300002
4033102243
3313221111
4302002033
1234301010
4031331001
3210040333
3441142000
3321341341
4440121442
2200032433
3412040021
0224020004
3231110010
1402040213
3304114443
0300114043
1244400224
1004402023
2432403033
4143043001
2010411241
3120334112
1341301012
0324002102
