2440403243
4042324133
2442304112
2134013200
1324443243
0414443424
2223011433
0031141000
3114023020
0141134320
0402212224
1420343444
4300030414
1202442130
1224132410
2204402433
4044300231
2304040244
0320412233
4033040042
2032314000
4241031113
0230132014
3413243020
0000332421
2221430012
1403340230
3144332043
2322203241
2331021221
4121240242
2043020123
1312323024
0144002400
1124434221
4021000400
1232131222
1000402010
4432202013
1034421211
4312341241
3043133231
4421000203
3323444042
0043241301
1300221311
2424111121
2242123333
4423001441
1130123444
0321340423
3030410243
1400201314
3321143021
1444440021
4411144004
3033321310
1121224324
2300422241
0120140013
4204023120
1232244013
0343302041
0402224212
2130433132
4440033242
3332441234
0222140111
4101224442
2133342411
2030130204
2033304321
4404413043
4104410323
3000132044
4001144303
0440020343
3322220302
1123143023
2101110020
2302041341
4120024132
0404322100
4113132434
3311323023
0012443201
4230144201
3040112130
2123321312
0013220040
0401213340
0221401234
2200443131
2424224432
3221211220
4231414443
4112431302
3123004134
4200443131
0412144014
3441333434
2001230200
4133441131
4403204242
4113344401
0102423101
3310204124
1100432014
1102424001
3124231300
2440301024
1242131243
2212042220
3100243443
4300143222
4244331223
0204414210
1314142000
3243003044
1322311011
3213434410
0222230343
1200020303
0224322204
1410040311
1413011014
4112243344
1344001140
0301244030
3411112231
0303004340
1242000001
0030211244
1441334040
3343321311
1221011301
1020003413
0320023102
1214022120
2201221444
0034202003
1341012401
3432314343
4022241323
2303311230
0004410022
0331324234
3430144020
0312410331
3121202003
1223132303
2201411143
2433330312
1012113111
0333241230
4401130121
3120421024
0331413143
2100411200
0122412014
1322434143
0143423140
0221011010
0241444402
0312404203
2440033032
2344442424
0441200130
0220223440
2322012110
4400333320
0141433212
1431141030
3201141221
2314430341
2322333424
3034421142
1121044120
3032412113
0224300243
2211004110
2011242324
1101142440
4003040102
2312402212
1410043132
2243001143
3131402004
2332242410
4110143140
2214434231
3244110320
3004011410
1401112134
1141104212
3420402311
1312244140
2423021233
3321233200
3411341101
