0224010042
0403231101
4112312104
3412133431
3211103413
0142314413
1141412342
0200332434
1203023214
2113024210
1343111132
4300004314
4440341012
0131004422
2404013220
0024020020
4403313430
0132102120
1322114333
4214222310
4013311123
1111320241
1302241110
0432014223
4042021210
2432403102
2412443341
3302014024
4320143400
2123403313
3221324314
4311301414
4221310013
3311410414
1303444321
1033222330
0034202440
4124043344
3214321423
4214232202
0312444042
3203131202
3132020212
2330103334
1003314444
2312024002
4224414121
2041310130
3402131212
2423411013
2302232341
3411421422
4202124032
2220044414
0012324222
4400003044
3343202300
3241420243
1213432241
0423314214
3411241043
0122433443
0322032314
4020323220
0140030343
2314244302
0232434033
3233111400
4033114002
3421032104
0413321434
0442244234
2312024240
4401342001
4420314100
1240023120
4232443440
0043442022
2103041200
4231204430
0033334020
3202241230
0142230244
2244413242
3002400310
2303401143
3321402110
4123033324
1243110132
1111434013
2310321031
0100413334
0110231102
4413112242
1240020341
2341132131
1423422203
0233114004
4101201421
4021130222
0403200001
4002321230
0311302120
1233031311
2210003122
1423202110
3434424111
1441340432
2041210114
1221043013
3012421313
3113424304
0114440213
4441210222
0314441121
4021100222
4401044444
2224321424
4141220244
3011233432
3310130422
0303330023
0011300244
1310322433
3120423111
0220021430
0243020324
3310434240
2004123033
2201100022
1430011431
2040423330
4024034004
2402013310
2343444244
0042232413
2032402132
4211233433
2102424000
4221430010
3023430101
0310402401
4230332002
2234202221
1142424204
0203122242
2032430301
4302431210
2242323144
4140423344
1041340000
1010230113
0120142220
1140442222
1232101224
1202001141
1430210301
0321223413
4033441412
3241112202
0400133143
3041132142
2424014121
3321241413
1031214313
2100012324
3241320142
1044032232
3124001224
0412031423
2444424113
4231433323
3404400411
4403043411
3104442314
3212423412
2313431014
3201432134
0423103443
1340301130
2341322004
3124230441
2303311343
3142402231
3011023201
1211013122
0013213412
1140202221
3131304004
3302330221
0344022332
2342221033
3444430033
1104000342
0343114040
4333204443
3022140222
2321314230
3121431104
2444113202
