4002021422
4042420031
0241142023
4211022220
0121012003
1113330113
3320422044
0431322142
0004130011
2102140223
2042403334
3113133313
2223244341
1343100013
4241003124
1440333424
3000133101
2413240124
1430413221
4043304434
0240012222
0441324112
0121332324
2430133113
3002343323
0442243343
0042102400
0401311110
4340324111
3313312423
3333222403
2423220032
4302313013
4213414233
0431401044
4004240224
0023301400
3023030204
0221301000
2113240211
2123321223
2023423243
4402433004
0210303312
0043132223
3144312042
2420122211
0332244242
2324411442
0010443023
0313241043
3040214234
3040142131
3114243014
0142024141
2324343044
1410233231
2324314443
0031123211
3021334012
3321144301
1413210204
4121231421
3410202400
3242124043
0420120244
4131240344
0223132034
3033023102
3444413412
2004044304
1304010332
1334003231
3243433120
3021330003
4304300331
3404421234
0023231320
1401123234
4021213434
0303322042
2200104033
4424344312
3203443430
3130124324
1444102110
2204132334
4313302034
0122334111
3232141034
0220000303
1000433041
3012021300
0044232140
3012000123
0420341103
3222114303
1210201042
1002331324
0211424402
0121224203
2122211012
3432211443
3002313001
4413023311
0142114304
2101142102
0240124421
0333134210
2103440141
3320104121
3223144032
1014011430
3220132344
2132101313
2422442403
3440112304
4420123413
4204233440
4424130203
4414234213
4103001413
1240213323
3111112233
3212232204
1413322132
3442211022
4421042142
3230343303
0420030300
4213030404
1213032201
2144424041
3012024431
0441233334
3124314443
0321322000
0230400421
0413333041
2120240111
1304020301
4043444302
3040113242
4310312433
2321201200
0310123143
1304113310
4040241343
2130101310
0333004140
3301220320
4320140304
0312030322
3240033001
4141201244
2020220040
0342131110
2030100413
3012233314
2234134211
4302040330
4433334313
4041323242
2142110204
0142401240
0133133021
2202022222
2204401044
4334100334
0111004042
0030142440
3013443131
0444214330
1430440003
0001414043
4101141140
1413202431
3130100342
4220144011
2300033310
4330003041
0114331001
2311012403
3310402122
2100334433
2443330403
4420123223
2113344012
2430304420
1314011024
1211341401
4022343013
1103103112
2024224030
0301401433
2411021341
4443404211
0014214241
2212142100
1340103203
