2430022204
3110022343
0043411024
0444201411
0332313021
1103424404
4330324144
1014433002
4341011030
4340202013
4303024310
0240201023
2320434234
2420130342
3401241012
4031121324
0342222424
1241124312
1021120114
1132034441
4400411014
3131014202
2241144414
2231322230
0132033433
2044341032
0414044401
2014102003
3144013311
2224112242
3112320021
2001111111
3200441300
2200022124
0214100020
1231414320
0004100201
4103010344
3111130334
4202224304
4042031011
3220240403
0334012003
2011332011
2404140420
1334044304
4343304420
2404120324
1300420321
0330402014
1242233332
3101422112
1210014130
3011241424
1401232044
3330313002
0210110020
2234041404
3220133401
0342320042
2434132342
2043314143
3420043222
1303011043
4223400444
2413214234
3140204420
0121214332
4440324343
4231223430
3231123001
2403112431
3013121021
2314343043
1121440222
4041310333
3230122433
0224204234
3012132104
2113233320
2031000103
1243113114
2121400413
2124200304
4214124144
4124241011
0344440212
2433234233
4202104202
4434011224
2321024220
3432402443
1112334010
3024411330
1214342003
0034423224
1320344144
1441144041
0141104414
3111200324
1034111013
4113231140
1434034014
3414201440
2402322441
1144202043
4010201231
4230300440
1022300042
2022012013
0311034222
4232414141
4402102211
2241430324
1213403001
1014000343
3013202121
2223411003
1342101320
1412204300
2233344121
4113112413
1112002404
0440340413
0040114201
4211443044
0340203200
1413400022
1123244422
4343213211
1143423400
4401442133
0130301421
3340242012
0121031110
1313023203
4242040130
3440244133
2024114314
1104431400
1144433011
1134342234
1340432210
3334111111
0214443321
2401101140
1244434140
2113304133
4344042110
3021333203
3122340124
3220323214
1143102001
1230024100
1412301200
4410133230
3100413343
4413231131
0401244332
4244302214
4043212422
4431131311
3423041331
1001312313
0411443322
4031200144
1444031402
3042044130
1134143143
3231002143
1214012232
1112043131
0043311244
2340012233
0024011204
4304231241
3240224424
3431302132
2401143103
1300104422
1124441233
0401213104
4300314113
1420331244
0124101011
3312140402
3000214310
0410443134
1011343401
0341241422
2121404101
1403124210
0000140021
1433004210
1343402130
4412302102
2314301310
0124032140
1401324110
0120411440
