2234404301
1404444430
1310242034
1031110110
4121432210
2011213232
2200431442
1104331114
1200110240
2043402402
4431103212
1432203030
1234110130
2143102244
4043324112
2441133112
4222320113
1032103144
1111010441
0122331441
4011144341
1104120312
2440431014
0004212022
4243442112
2243144411
0243134321
4120343301
2324221212
3203232030
4211001404
2332340241
2231203421
3423024430
3200144403
3131143313
3230243024
3214341042
4241032432
0140123111
1400111433
1243140310
2422434401
0420142244
3001220222
2124021111
1311231341
2310432412
4342342222
3123402124
1203114041
3223212134
2224130100
2221342442
2031011120
2004421003
1403440010
4141243323
4032130243
1210204010
1130330400
0232104040
1022401340
0133201420
1131300323
0023100101
3113102023
0302142331
4330403023
3444221010
2114220334
1142122210
4411221400
4121321122
4013200124
3414234233
0440413442
0210142202
2113332133
2011143214
2032312000
0230114212
2230030120
4410311214
4240341430
0022420231
3142134304
3003020124
1413334034
1204313112
0004334034
3343403240
0230242124
3113341033
1144142203
0330020104
2123401404
1033210242
1440321300
4444234310
2033122422
2312043413
2024030003
3211321002
1141112124
4412014010
4202202032
1421244142
4020213301
3140101230
0133042042
4213101313
0230441112
3040114312
3413223030
4140432432
3431004220
4131420341
0300413043
0342442401
2041131322
0111031423
4130201141
2104302341
1340323112
0413204244
4323243130
0103422214
0222324443
4331042220
4234003201
0143231033
0230104304
4320132203
4141103444
1343320310
2110111310
3320130044
2411423220
4032103034
1404004340
0034410042
4042132324
2324234330
1334411334
0213231103
3030443443
3014411410
2023110002
2331422403
0204240023
1404033224
3303221043
1043121124
3122130424
4030230121
3121241200
3034240440
4341312132
0031220114
2041100343
2211034430
2241404304
4343022031
1410204202
0242010402
3234024303
0442144312
3101034440
3434242203
1314113321
1023013113
4323404300
4020324232
4313043221
0410242101
3301020303
0324023121
2013242430
3212141032
0233042401
4220210442
2102004342
4143434224
4400043432
4242403132
4113442032
2223430320
4242240001
0000420031
3332121412
3403211104
3000204410
4104000043
1400103312
2223242334
3011110244
2113100321
2422432301
0112043432
