2313301104
1410210200
4334230244
1100013101
0013221311
2231310110
1230033100
2441321410
3114004324
3420430033
2331124003
0210334422
2012412342
3024301202
1111132301
4103241423
1443114320
3224432303
3124232420
0412000102
3034322421
0443003044
4314342223
3030001032
2333211223
4400113034
4000302443
4302321111
3421414221
0021441311
4331104013
3141341031
2210310414
2234202424
1420222230
0432240200
1222314001
2412100122
4210341414
4013424002
3023243000
4333233120
4420423030
1044224412
0343421031
3213202001
3124240144
1034033204
3401204320
0340013030
3043012034
3042001112
2123442110
1003230442
3432420000
0420100243
4332111014
3040023323
1444132201
3323124024
3141012114
1140023124
3430432240
3401322431
0342004404
3121031001
2330131441
2034334101
3300233040
4020444442
4142204143
2331240331
0424032133
0144032112
1221204410
1033214104
3132134401
2302410010
1334012413
4403324114
1102434304
3423044323
0313144230
1001114234
1222000022
4313024310
3320021000
4442343000
3331112201
0032113030
2244024243
4211243141
3234400142
4014240241
3140442241
0331133120
3023221401
2002100402
4242213210
2112332301
3040111443
0210002132
1100104021
4211214443
2104424141
3120432311
1034134334
4410323010
2044042033
1424401412
4122333111
1341014244
4221410134
0202040342
1340002334
3434342413
1403332121
0433323341
2032033214
4230430211
3232330412
3210302331
1000421120
1101044334
0223032310
1304310404
1010022214
2342243343
4044000421
1421133302
0143443331
0323234343
4003234000
0334102134
2011311004
2110144334
3414244102
4111211303
2214423112
3401410331
4111231331
4233411242
4403002304
0022034133
1141313023
2104024333
3130224101
4243010340
4011102414
4133112400
4224201324
1210040332
0123203414
4401310202
0032401130
0032440131
1431222033
4030432031
4112214200
3241100344
0401412043
0103031223
2241204240
0131403401
1342023340
2122022310
2104041300
3034031401
3332234404
2024133404
3421103320
0342111042
4414124223
0010223301
0242021202
1331214332
3020401210
1321403012
2224030113
0234000220
0143001420
1221214234
4044430403
3322221132
1034131332
0134430013
3042414344
2104030204
4332024232
2302332110
0044014304
2203102301
4003031432
0102001341
0412043333
4412401001
2403320003
4022433342
1223144213
2003420202
