4343203420
0410320131
3202440201
0414144130
4020103131
1443043244
3324223112
0014413211
4213142122
2244304320
1300431203
0320130001
4314432143
3122104223
1432122100
3034400421
0114134410
0303022123
4130032434
4041441432
4212403431
4421114342
0130412344
0203234211
1402004414
2120323323
3013341230
3233313332
2344221211
3433203340
0042401134
3020441132
3103204340
4133430130
1140412034
2243414011
3341134311
4004312011
3431024204
4144133321
1243241013
0213303213
2322000212
0333303044
0033300414
0123211344
3130030332
0211341002
0422241444
3321014230
0002043324
3440224202
0214134411
1242311304
2021300033
0430103320
1343402330
3412134002
1300011224
1111300212
3413444102
1011201232
4141132323
4130013142
0122102214
1232202113
4143424243
0323041103
2211340420
4330244310
3333321311
2121000324
3232114321
1320133124
1434243141
2011142311
1414403043
2002441003
0033314001
1224311310
0020444023
2210402144
0433331331
1420414332
0430201414
4144014120
2432133021
2333303100
4113401424
1141002031
0232122313
0101430021
0330204321
3131210313
3001224012
1022432313
0202404110
4222331020
4002204204
3431121242
4420441112
2000222033
1324114202
2341441230
3131313110
1020432441
4424004333
4004330304
3042332103
4100212212
0412223243
0011034210
1024212314
1000420413
2232431040
4230403043
4442103313
1420424302
4040244021
3312131234
0201044340
1203004231
0202020234
4101122223
0324343401
0114420412
4431242204
3134143321
0011212200
0101414342
0403204003
0212414230
4110321143
3101214433
1142222444
3014344320
4011131441
4300131211
3400032122
2010312032
0224234211
0040404123
4310442001
0242422141
4211220243
2321144320
3303340404
2014240234
3144010100
4324442342
4234442020
0244332041
2410114143
2203121340
0143201412
1133320444
2101440314
0232331342
2403442223
0202443240
3024413112
0223143113
2334134334
3403141010
1212031014
2302303413
2340232323
3211414112
4444024244
0332231234
1123313004
3340004103
0041313341
3124104422
1241104432
4344132423
1132202200
1233401322
3330114110
1423303042
4304214400
4130423400
4432412203
0241044024
2143314031
2044412223
1010010320
4301030431
2232202224
0340014201
3433220120
3000420214
0430310230
1340003400
0043142133
1001031202
4323001111
4100232120
1110032443
0123013001
