4332012214
2324340231
2213401220
0224200441
2010220444
0340122411
4004022411
3113222104
4430433420
4301122231
0430104441
0233314204
0443402024
1230321432
1104401032
0300142020
3411011031
0242421033
0044130224
0314011320
2302024242
3413223410
0423312202
4233222133
3011323410
2043310230
2011023110
1100110033
2131324444
0311402111
4321003211
1101434344
2343221424
0120311413
2313104034
1202040030
2434013032
3410243300
1044332034
3243244241
2230434300
2404113343
0202132202
1120231340
3233004213
0212411332
1421100110
0312140214
3241224403
3400333140
4004321303
2320110311
0314400312
0224103234
0223111221
3030304310
3230402320
3033030130
3300413300
2404210133
2304340443
3334124210
0002422213
0001121424
3203302400
2141211201
0414022420
2004013402
3004310111
4403223244
1012014233
0144033434
3131321224
1432412103
2022422332
0433120130
3223330424
0231410030
2330423103
0342343420
2102410144
0340301234
1002410421
4001213140
2214141020
2212141141
3000401044
4412004444
3344000310
1421413001
2002133041
1434431103
1040332401
0420204440
2210144004
0140430224
3020041002
2404040010
2141031044
4430332142
4400004140
2140340124
3144223233
2113110022
4034441004
2210204333
4313221224
2443230101
4003431100
1024304002
4344022314
2344200222
3322412231
3231331244
1310134222
3034124113
4213204243
1132201143
2333332132
4142042204
3312020340
1022402034
2444301334
2301434323
3432020410
1023301440
2301134240
4213240214
2121244021
4331313121
4422113243
1034123301
2331342322
0441223142
0121440324
2103014241
4130231222
3040312023
0104031443
2000102142
4424314224
0142242434
3421432302
3122033344
1112023323
4243203121
3431444304
1323224233
3322041100
2043402212
1401302341
1322404011
0142303401
2041022324
3212134143
4212221033
0321123240
3032120401
3002042223
2242034440
1234322414
0402334310
3313340330
3020044124
1033200003
2211223130
3232400004
2244403311
3314400241
4232344130
1342332414
4313121413
2101013214
0144444324
2422122031
4021241000
3021141133
3243311042
3204143144
3214110213
1412340031
3403232003
4422211240
4023420242
4223123001
1423442140
3130433120
1311311230
3103334021
3010240131
0402042033
0321302244
3211201240
1334402204
3014144233
2324000100
0034334340
4032222203
2132122031
3112113311
