0034434332
4102402020
1411233032
1211231120
1441234130
3100423032
1411203421
2401321420
2201201223
1442102411
3122200221
2004342402
3330030142
3333310401
3432000230
0300441322
4321232413
1103122103
1212131043
3021034132
2342012120
4012133133
4213220403
2041342223
0134414310
3303423113
3404141204
1330133320
1221144412
0044342421
1210032422
4031301302
0121313434
4430432000
0240011043
1301312231
3402321034
2112310014
2413243124
2203231011
4312323031
2122203023
1341401021
0201313331
4101303442
4221013221
4302230333
0131022101
2030132334
2041323133
3212020400
1232330403
0234244044
4232311103
0021410232
2231133021
3434004444
1001043032
3320220103
4122311324
0144044434
4400342342
1244330232
4242400333
0243444102
2023323421
1024204223
1200332414
3221103131
4204423342
0434020122
1040344120
4213032114
1004211104
4012311132
1301422014
0311240343
1000243113
0030143430
3131144421
3243331130
0333232020
4010424413
1301444122
2422332404
1031442134
4043221422
1140100240
2134304102
1334334400
3142130240
1240241142
1201430040
0324302400
1002212334
4221043023
0040143341
3332422042
2400111330
4242210303
0441300443
2321411440
3132400204
4413400304
1141430323
3214040410
4340042022
0011321210
4214320120
4440104303
1031013441
4233003320
3001031401
2421214420
3422214131
1330202330
1144433332
0044010214
1103220130
4113201323
2303430242
0422141423
4042234334
1224201044
2023424221
3412041230
1331020432
4424301220
3204343214
0301433044
0002232013
1122332044
2410112031
4101430023
3322321222
0414001012
3242411434
1423410411
2424132000
1203401242
0032314410
2304210310
1321042340
3200420124
0414111011
0103140413
4444001002
0030233111
4430401101
3033323344
2343443040
3032021101
4320440310
1434001300
4230212320
0213401214
4224232344
2204000313
0420300322
3340141403
0104411101
1040234043
3043440312
4433112242
4230303444
4401414111
1102001033
1212331442
3224002232
1134221112
1144304340
4013020433
2340244241
0213002423
1212044243
3202424332
0030213203
4110412144
3204121134
0032232331
0221220200
1420402000
1114100402
4110134101
3314001114
3044102231
1124314424
2422024220
2433312040
1333311311
2424220300
2322202230
1232321213
2211444113
1143100232
1430203234
1241332324
0042122213
2202203424
2143232043
