3103324422
1202422414
2413432101
0223144220
3134112220
2322331320
2211441433
1313142311
0132313332
1432121114
4203022343
2442412030
1332201421
3033204123
0343343012
2144333013
3303100021
4020432404
1030440311
2021320421
4422021043
4204124332
0024322304
0402014211
3001433300
1224220003
4410231412
2444013401
2003423334
2311021144
4334333144
3311321403
0410344132
3034421312
3442134241
2302024432
1141033032
3003122031
1324032403
1144220334
2231434204
4404343303
4200444102
4313310023
2432141421
1001100202
1014412003
4000001221
2344411441
2213023304
0131142240
1143030324
2123230311
0421214202
3431021111
0030401142
0240403240
4434421143
1213203414
3323300300
3321410224
1424040302
2304100014
4031243124
3414331131
2334301120
0420241132
2123140233
2420401041
2234234234
1024343322
2122041134
4321242121
2411411434
0114322302
3313134130
0144442024
1133442142
3310241040
0331410423
2423202401
4233110444
1041444042
0434304123
2323240404
2011443004
3214424330
3131442201
2443132021
0212442100
4040143243
2021233404
2044133313
1323422421
3400034124
0040034023
1044011101
2122033041
4112404304
2143123113
2410030340
1412103421
3004030113
2033000130
2140002200
0231034003
3212143030
2330202234
1433440012
1130340132
2411132414
3444241030
4210223100
3120030030
0120031313
2034422423
2304414233
2442314343
1141140230
2423023232
2313044304
1410143443
1030111033
4003012204
0030202121
1321324223
2321212320
2001214024
1100344013
4202433013
1013120022
2444023403
3302400230
3213421323
3323400230
3424211144
3122302101
3332213433
2422103243
4043043022
1301341203
0224113210
2234104442
3244020120
3313043412
0214212240
1100320220
1034444321
3132120334
1431313232
2114413210
2314322324
0201044143
4234010342
2311134310
3233122244
3211130210
2041242002
1334110000
2144143430
2141310001
0024242300
3424213223
2101203312
3131120320
2121240021
2223104000
3202441224
3332012313
1414322011
3140013232
1232141031
0124244022
4012403431
1144243423
1301442130
2033314213
1431400412
1330202404
1234121443
1320140034
2422222231
3334324131
1103301211
2243011323
4003003111
1142403021
0202033132
2142101114
1104314414
0012232432
2410104141
4044224424
1400314232
3020130233
2311243203
3141030410
2303210301
1000104440
2333432030
