2403141002
4402304321
2304423113
0211040024
3104112220
4443304241
3220134210
2400112242
4343442144
3244132043
2100333233
0144013331
4023214423
3244141321
1433324240
3114032314
2002413200
1241441414
1003413001
2402414132
1411013032
1343301412
0340034020
0023344424
1041204134
3100302302
1032201210
2424234414
4130324111
3432041141
2401004320
3433204331
3010140234
2014412242
3441013122
2021404320
2402102414
1320113044
3220013044
3411313412
4223004103
4420003443
4033200302
4113444214
1223134024
2131344241
0332244114
1143201132
2102403310
3332121100
2441320330
3201301441
0224321240
2443024412
1043211010
2003310022
1432100330
3004323401
2311121144
0021202320
0432233203
2142323004
0000331312
0202123104
3332344140
3331031003
4114211024
2221241134
1133440014
1243403341
3124300213
1102204020
2110022240
2210034233
3331140011
0020334021
2133014120
4102041441
3430320414
1300021301
1123342124
0141442030
0342203114
3444410402
3321110121
2441121423
1101210032
2114240304
4020401002
4301122012
2112140240
4431440443
3340031030
0123030423
3314333010
2410422131
0332212200
1440241333
4023232320
2130020021
0300113414
1311343030
0103100120
0012422333
4313013424
1002441021
0320430010
4012043040
0331131411
0022241141
3230012203
2101134103
0011203333
1331403140
1314304033
4023004230
0103021013
0240104202
0304111402
4430420042
1030100421
3023323240
1423433442
3032433223
3121144443
2403323424
3423444403
0403310333
1440212001
4110240031
1203130320
4034411023
0341104233
1302102040
1211401143
0000043232
3113223201
1110130030
3002320043
2032412120
1012144031
3444133304
0004103044
2223222312
3434134203
2103304002
2022103144
4112131114
0444133030
3324144133
1033013101
1044103410
4341313130
2211431300
3241334343
3233323320
1031341213
1120322222
3140413344
4424200234
4030213442
3321033120
1224231312
1232003332
1231014012
4220330000
3113420033
3200243110
3134034314
2243030003
4242132423
3144344133
4331204340
1201223230
4340413120
2234223042
1022300310
2201123340
3233003120
4002112330
3302141324
0124420443
0114321303
0132344332
2400034014
2122231021
0302022334
2203002241
4401112230
0041101330
2430021103
1034143333
0131422314
3100130141
3100430410
3302312024
0230234421
3331003231
4032112210
2443244204
