3224424223
1341022430
4024220100
1203034204
4221411034
4242422043
2441040331
1143412110
1040203331
1203211011
2204100212
1031444101
4141224113
3211311201
3422341342
0220124420
0044231001
3114024044
0102213323
0041221324
1023442221
1433002044
1012342222
3343402020
3122202311
1144332232
2003412133
4140023224
2133133100
1334230143
3324341340
3231021413
2130001403
1340240001
0131313123
2144014413
0220324403
4341002332
4341312032
1423303110
4124401121
2332101314
2033231130
0422300243
0102001041
1424112401
1223433013
2031301234
0323304441
0434310202
1414322313
4313142232
4023424323
4203314304
1131233142
1322443420
4322414434
2102404002
1334412340
2114422140
4230111320
0314042003
4110234233
3441323013
3113243443
2321413202
3143242421
1431314331
3320300033
1432301220
2044301132
1034422230
1123240104
3433043123
1112323423
1424131000
4244100100
2103423440
4041131210
1411202134
0322004411
1442331430
0402434013
4420133231
3130301200
0303030331
1432300002
3330203343
1330422211
0141031214
2202131033
2204341130
2322240040
0444143220
3322042020
4442302413
0411444412
1441421423
2234344221
3032010222
3044201021
3113322244
1042222403
4112101334
3030113024
2222404210
4020240233
3211213002
2200031103
4244012440
3021434133
3020443040
0410443242
1343330131
1123441121
4344440440
1313233433
2443130402
4001313432
4202404311
2311123040
1224404312
4341000400
0123241342
1031103011
4223410033
3311243424
0212410131
2131133024
1220101420
0232122341
0032203343
4010331011
3034444123
0440032423
4100030141
3333413302
0004314244
0400331321
3041132241
2013114101
1200120012
2223141014
2223420214
0114413200
1020100022
4122412212
1214100424
2011141341
2324000204
2003421131
4441441232
0323033443
3104043420
1020223023
1301312400
0012343201
2112044130
3214132131
0003333031
2243220224
0300212042
1214023422
0311101024
2242110111
2324132113
0133012240
2210302304
2302044421
1411314343
4213010102
1231224344
0311341130
0310111011
0034334012
1414310240
3422333111
3230201243
2114324244
0033104140
0144240342
4212203342
3343330311
0144030412
1323110301
1110244040
2211141311
4412344233
3342204230
0221342202
0001202123
3324130003
2343134040
3131024010
1032140114
1140134311
2204222203
4204004243
0124311120
2243121123
