4002123030
4400031422
4013204333
1223004410
4102240443
4013412241
0332043324
1102123213
4210323332
3114022144
4031304412
0313310101
2444211300
4100321223
1104200030
1023011432
4120023420
3441244303
1140134243
3320241410
4044222142
2201214201
4323122101
4234310210
2314240443
0134101020
1332340310
0321120432
3443322220
3041414313
3404404403
4003324003
1144142004
3023133444
3044301032
3233303013
1322223321
1211440031
2401412041
1421313210
1204342044
3144242023
2422403300
0040220231
4143411041
4300421223
4121240432
4134303304
1421331303
0441231113
3420441434
3241322230
1104212400
0334432120
0340030424
1302024021
4444403413
3002011113
1112141004
4104142431
2010032411
1401032430
2201421024
1120342304
3103034413
4213232431
2343424143
3304002403
0111441111
1033103220
1022332013
3434342101
1403304014
2402333413
1401020131
1414400301
1044433012
2143423100
1242313231
4043302101
1120041234
2300223434
3121202000
1302210430
1013220434
2013204234
3203134021
4111414303
3011042221
0410233322
0031330100
1431240400
2414030301
1124022141
1212424344
1243300333
0434423204
2011444210
0130140114
3002314444
0424000132
3104201413
3014240013
1241222022
4404200021
3423034441
2311423032
2234114314
3110043431
3013411320
4112020032
4344000444
1240321244
4220024201
2144432304
4200222414
0413423003
0440441111
0104111300
1213101011
1010001013
2331222031
0422314301
1434040103
2433404002
4444323331
0310421311
0033332241
0034204124
1010412342
3301000310
4420401041
1222412303
2000311344
4121221324
0342403242
2123132312
4223134400
3231331231
1142113020
1123413132
0102013322
1030121231
2033323003
2412032103
3402030231
3140412443
4221223140
0031131213
0041212204
2323320024
0214400211
1021423014
4421230011
1333044243
1002312431
4021433034
4241134124
3424432010
3032142401
1244100201
0240434324
0220112222
2133431044
1444130341
3103003341
4231314043
0302432300
2214324142
2034322204
0434444040
2041042423
2041220020
2144314332
3044143342
3222330103
3341401323
1410022403
1102230021
3041211100
1312434403
4320333012
0431414041
2222142411
0304233032
2203113303
0032441024
0442144423
0313012001
4133203100
4043231032
4034102301
2021323311
0014102321
2123244022
1320203110
2221303103
4112340023
0322223002
1124241214
