4303432120
4432441121
3111424310
2043243221
2301021211
0213222404
0333304231
1204414024
4301032022
3134341110
2130112401
1031430442
4412343332
0222040123
4131222320
2222131214
4320420302
2300120203
0321313124
3222232241
2444321200
4210211104
2440340022
0022103300
2403422011
4113342422
4031141334
4222010121
0230030332
4112202420
4000403414
2314233410
1104040204
2424132242
0340003022
3121014210
2323310023
0101303043
3221003420
3114242330
3400442442
2324201314
3110034012
0142123400
0242423334
2104432401
3102130042
3111224320
1214330223
1113114111
2003241210
4010212223
3010314133
3301220301
3030121403
3321020204
0212400322
2032113104
4400323430
3402410334
0101220243
4321003201
4200442201
0200244011
2014032410
4342103130
1121012222
1043304102
2433312133
0212144200
2200221241
1022011132
0222113341
4031434230
3413334224
4144044012
3113333130
1203324444
4043211234
3343221324
4224242042
0134324404
4144001324
4444443141
2044300032
3031434123
1134331420
1020041300
2314030410
0144304234
3312123031
3020201202
2232030121
3414120414
0013230433
0012413434
3320040403
3202420212
4433234123
2344000320
1240131030
2310232114
1042110400
0412310142
0222032441
2311141401
1312231111
3241202201
2434021024
4433233134
4244334203
1244411014
1123142024
0440140231
1343144201
2211002331
0133044304
4004034033
0321000212
1020314322
2300114134
1243244201
4031130304
4311000143
1012133121
1112411023
4302301422
2343321213
0223441234
1020102200
0123400414
4014033003
1220213414
1302020310
3003441331
3401204211
1440331403
2404021100
2212241022
4022020320
3310432220
1412201311
3330134111
0334443022
0144414314
4332220204
0230211314
0324140220
3311044232
1101331121
0302121040
1440343244
4321003232
3411010202
1214011434
0241204113
2444040203
3110441213
1342204443
3241232401
3441134400
3224123104
0432320340
2031142340
1213413440
0131323301
2423104010
3034140203
3112124413
0140140310
0322003423
2213013313
2301411040
3023033413
4300421024
0002020434
4112002024
4244014203
0410324210
3211310022
3142310314
4134140101
0044131330
4024412410
3043140424
0031422443
1230410414
1242204000
0441211302
0402303333
2223201321
1301223401
0143112322
3021220402
4110000240
2202440102
0340343234
4300341103
1430210124
3243120121
