4213124042
4314243201
3040013032
2032102244
1334243000
1033110314
1032241432
0210321104
4130222001
2203142434
1004331432
2201031201
2420021101
3033444304
4240020423
0103002234
0124211314
3243242012
3211324230
4423203434
4303223301
3301210240
2022144244
3432132410
0112111221
0430421043
0341220441
1312413204
3410411441
2232202032
2433031031
2110320401
2044032000
3440210213
4410311300
0044212320
4432232014
3413124121
4121431211
1130321332
2014423321
4112422322
2132011232
0340320402
0142200344
0441432444
1230200412
4324044140
4411410300
0324240200
2433014232
1221240001
1000213000
0331111302
2223130433
3013100112
3040342324
3014322301
3344412320
2323302032
0411203440
0410443144
4143401324
3242432214
2131133041
3214101230
1314131021
0000021241
1212120332
1044211433
2022232232
3414444020
4442013220
3423301422
4423130210
1222020431
3432114141
4220313423
0234121311
1120140410
0220220201
3004223134
2214301340
3223312141
1214404143
0211101322
1324404021
4043032330
3304421310
2314130433
3420142012
3023413040
2424334210
4304201133
4343441111
1241214434
2110211331
0201310344
1132044223
1302230110
2131332312
4323302320
0412031433
1214133332
3133302320
2332330004
3200002414
1030220420
3320320110
1424123333
3430030034
0110410040
2113143242
2320424002
1341112142
3003033234
4322124324
4331202221
4223114203
0102122334
4312121012
2001440120
2122013210
2402102332
4223310142
1103404344
3201111242
4241242123
4302123410
4431320211
3301333134
0200132233
0432221312
2432004031
4031032423
0304444234
3214241324
4213031120
4342043441
0044233320
1444342204
0211003004
4304411213
4400333134
0032220222
4002210011
3234204422
0144323443
1443423211
1031223121
4434203401
2414330211
0234024424
1221020241
1121124243
3311140422
3024400330
4320321444
4134114003
1214343103
1423223411
1144013413
4402210104
4103412420
1241000212
2224410033
1030014344
2130422001
0042331223
3440331323
3221201433
1230324343
1413101133
2241032314
0320402434
2034231431
3104114313
3423423430
3004232124
0411224244
0131022201
3410434401
4011102310
0021124221
3112100334
1142302421
1130323224
0442121043
3022234414
0100140040
3404103243
1301220301
1200313110
0014322442
0101444432
4102032002
0431223212
4430122114
1020310104
0411144030
