0104322234
4041420444
3120211012
2340030314
2342402131
0123234414
4041121010
4440144124
1040132033
2244403101
1203431314
4121111043
0200330334
2024232041
3331012214
4313221404
0310201143
3220433023
1334032140
2412410311
2130441302
2302001203
0144132233
3031321242
1431023222
4134244144
2231141233
2131132242
3042112232
2113142304
0043222033
1333104414
0132201031
4440411430
2011010223
0324404131
0021112042
1422434242
1041204142
4201234442
1142104312
1142442041
2033423432
3421304222
3234434002
1141411332
4442243042
3412332214
1140442413
1000302331
3133010222
3022334331
1034441344
1344202323
3020012132
0221100012
3411231032
0321143222
4141314341
0431144003
4113433230
4401223400
0240222111
3024144343
2333104411
1304443422
1003130412
3233030212
1434003124
4202411032
4323221124
2342434111
0200244201
2132232414
2121022021
4331100044
4010310043
0032030432
1244034300
4123213122
0120120204
2223000012
2400033144
0134401101
4322104204
0123013443
1110214432
3414101034
0140100001
4244101340
3412124301
4403013042
1402031240
2040334220
3123001443
1413222403
1204432032
0112303313
2112303243
4312424022
4130303100
2230421233
4240132201
2101012442
1432130244
1314400443
4121412334
3034022104
4424234411
4422334121
3212202220
0312420320
4023040102
3034133322
2024342332
1204421024
1023402420
3411033321
1220141200
2322131403
1220324222
2011040203
1323032222
1320430124
2001322104
3033202413
1412431322
2224110040
0301421444
0224430243
0444241001
0040303042
4202334243
0212113021
2212100313
4034300440
3300303132
4124231042
2030421001
0232403222
4341244322
4234302341
0021000432
2404420112
4241112320
4001032443
4000000121
4143441341
1132301432
4333033021
2430331231
1440443404
3430323223
0120204101
0340002101
1331344442
0041304040
0303303141
3101200421
3414311204
3320334202
2234412141
1331300323
1304011112
3102042002
3000121110
2224114100
0044214310
0000344444
2332234302
1101014220
3032122302
2222430110
3043422430
0420012320
1210320134
4113014233
4210034440
0312401041
1114032123
0032244131
3341132222
3433320344
2231441240
2201443312
0344301103
0211200014
1421422300
3240030002
4403214343
2424333000
0321301240
3204310100
0322100104
2023134132
3240010010
1331214143
4212334214
2023404044
1011141122
